Estacao;Data;Hora;VelocidadeVentoMedia;VelocidadeVentoMaximaMedia;EvapoBHPotencial;InsolacaoTotal;NebulosidadeMedia;NumDiasPrecipitacao;PrecipitacaoTotal;PressaoMedia;TempMaximaMedia;TempCompensadaMedia;TempMinimaMedia;UmidadeRelativaMedia;VisibilidadeMedia;
82886;31/01/1999;0000;3.244565;6;;223.16;6.741935;4;16.2;969.462366;34.467742;29.088387;24.387097;49.5;;
82886;28/02/1999;0000;3.80241;7.8;;214.6;7.107143;3;9.3;970.285714;34.492857;28.914286;24.15;49.241071;;
82886;31/03/1999;0000;3.041935;8;;207.4;7.333333;16;87.7;969.610753;32.577419;27.44129;23.148387;60.596774;;
82886;30/04/1999;0000;4.04;7.5;;260.4;6.1;2;46;971.145556;33.04;27.738667;23.193333;54.2;;
82886;31/05/1999;0000;4.216129;9.5;;234.8;6.010753;6;7;972.217204;31.809677;26.456774;22.141935;58.653226;;
82886;30/06/1999;0000;;;;;;;0;;;;;;;
82886;31/07/1999;0000;5.136957;8.1;;245;5.695652;7;9.1;975.481522;29.558065;24.17871;19.483871;57.604839;;
82886;31/08/1999;0000;5.616129;8.3;;246.7;5.215054;4;7.9;975.322581;29.7;24.468387;19.835484;57.798387;;
82886;30/09/1999;0000;5.728889;8.6;;267.6;4.433333;3;4.8;972.752222;31.753333;26.053333;20.773333;53.95;;
82886;31/10/1999;0000;4.936264;8.3;;249.6;5.451613;7;30.2;972.135484;32.809677;27.158065;22.070968;52.822581;;
82886;30/11/1999;0000;4.281111;8.6;;246.4;6.277778;5;48.7;970.35;33.766667;28.193333;23.666667;53.316667;;
82886;31/12/1999;0000;3.984946;8.5;;238.4;6.784946;13;100.4;969.992473;32.480645;27.536774;23.387097;59.314516;;
82886;31/01/2000;0000;3.217204;8.6;;253;7.258065;13;117.7;970.360215;32.041935;26.877419;22.903226;67.306452;;
82886;29/02/2000;0000;2.995402;8.8;;243.4;7.045977;14;150.7;971.763218;31.755172;26.269655;22.213793;70.103448;;
82886;31/03/2000;0000;2.85914;6;;228.3;6.870968;6;127.3;971.034409;30.977419;25.997419;22.154839;71.379032;;
82886;30/04/2000;0000;3.53;7.1;;218.4;7.211111;11;55.7;971.874444;32.04;26.545333;22.446667;67.308333;;
82886;31/05/2000;0000;4.154839;7.1;;225.9;5.709677;4;2.6;973.087097;32.093548;26.430968;21.83871;;;
82886;31/07/2000;0000;4.505435;9.3;;203.3;5.717391;4;8;974.602174;30.183871;24.514667;19.993548;;;
82886;31/08/2000;0000;5.048352;9.3;;235.6;5.391304;6;5;975.115217;31.190323;25.205161;20.4;;;
82886;30/09/2000;0000;5.72069;9.5;;232.9;5.111111;6;7.1;973.57;32.193333;26.202667;21.353333;55.125;;
82886;31/10/2000;0000;5.507609;9.5;;289.4;4.408602;0;0;972.81828;33.983871;28.060645;22.529032;;;
82886;30/11/2000;0000;4.330337;9.5;;252.5;6.911111;6;17.1;970.258889;34.026667;28.410667;23.353333;55.486111;;
82886;31/12/2000;0000;3.17033;6.3;;247.6;6.623656;8;114.3;971.125806;33.376667;27.918;23.174194;58.907407;;
82886;31/01/2001;0000;4.309677;9.1;;270.5;6.150538;3;1.8;971.844086;33.73871;27.87871;22.593548;50.475;;
82886;28/02/2001;0000;3.040476;6.3;;170.5;7.493976;6;70.2;970.615476;33.085714;27.572143;23.164286;58.669643;;
82886;31/03/2001;0000;2.842222;7;;238.6;7.184783;8;259.3;971.690323;31.996774;26.553548;22.187097;65.854839;;
82886;30/04/2001;0000;4.085556;8.8;;247.1;6.477778;1;8.8;972.145556;32.773333;27.017333;22.12;57.125;;
82886;31/05/2001;0000;3.429032;6.5;;280;5.075269;1;0.3;972.783871;33.509677;27.706;22.413333;;;
82886;31/07/2001;0000;5.068132;9.1;;217.6;6.076087;6;5.4;977.580435;29.725806;24.418065;20.529032;;;
82886;31/08/2001;0000;5.770968;8.3;;240.4;5.163043;6;5.3;979.478495;29.325806;23.997333;19.535484;62.685484;;
82886;30/09/2001;0000;5.352809;7.8;;266.5;3.966667;0;0;975.821111;32.993333;26.876;21.406667;52.566667;;
82886;31/10/2001;0000;4.847312;8.8;;280.2;4.505376;4;31.8;974.487097;34.306452;28.26129;22.612903;50.532258;;
82886;30/11/2001;0000;4.357778;8.1;;300.9;4.511111;0;0;972.883333;35.246667;29.530667;23.76;44.391667;;
82886;31/12/2001;0000;5.127174;10.6;;259.7;6.72043;9;128.3;972.587097;34.577419;28.824516;23.851613;51.580645;;
82886;31/01/2002;0000;2.505376;7;;160.3;7.892473;18;214.6;974.216129;29.84;25.216774;22.180645;76.854839;;
82886;28/02/2002;0000;3.852381;7.8;;241.8;6.357143;1;0.3;974.255952;;;22.685714;59.223214;;
82886;31/03/2002;0000;3.794624;7.1;;250.2;6.548387;7;105.1;974.02043;;;22.812903;58.669355;;
82886;30/04/2002;0000;3.721111;7.6;;224.7;6.611111;3;25.8;973.726667;32.026667;26.98;22.573333;57.913793;;
82886;31/05/2002;0000;4.068611;7.5;;217.3;5.924731;5;10.1;975.311828;31.625806;26.499355;22.270968;59.298387;;
82886;30/06/2002;0000;;;;;;0;0;;;;;;;
82886;31/07/2002;0000;4.643178;9.6;;245.3;4.763441;7;8.2;977.52043;30.529032;25.008387;20.167742;59.201613;;
82886;31/08/2002;0000;5.151613;9.8;;279;4.655914;5;0.9;977.509677;30.629032;25.197419;20.051613;53;;
82886;30/09/2002;0000;4.75;8.6;;288;4.133333;0;0;975.412222;33.276667;27.51;22.066667;46.108333;;
82886;31/10/2002;0000;5.150538;9.5;;307.7;3.72043;0;0;973.637634;34.151613;28.362581;22.36129;44.725806;;
82886;30/11/2002;0000;4.708889;9.1;;288.3;5.011111;0;0;973.06;34.903333;29.408667;23.673333;42.1;;
82886;31/12/2002;0000;3.689247;7.6;;257;6.365591;7;99.3;972.694624;34.116129;28.720645;23.748387;51.330645;;
82886;31/01/2003;0000;2.894624;5.6;191.967999;260.5;5.956989;6;48.2;972.758065;34.296774;28.774839;24.309677;52.693548;;
82886;28/02/2003;0000;3.604762;6.6;169.426244;207;7.202381;7;23.5;973.246429;32.5;27.285714;22.95;59.267857;;
82886;31/03/2003;0000;3.070968;6.3;188.846921;249.5;6.849462;9;142.8;972.664516;32.6;27.413548;23.167742;60.541667;;
82886;30/04/2003;0000;3.1;7.3;168.431141;278.4;5.655556;6;99.7;973.446667;32.136667;26.985333;22.74;61.458333;;
82886;31/05/2003;0000;3.712903;7.6;158.782238;247.4;5.913978;5;26.9;974.6;31.73871;26.486667;22.283871;61.451613;;
82886;31/07/2003;0000;5.017544;8.6;87.75171;208.1;4.614035;6;9.9;978.775439;29.575862;24.307586;19.6;61.925926;;
82886;31/08/2003;0000;5.55;8;118.442581;271;4.080645;2;6.3;978.369355;31.422581;25.903871;20.883871;58;;
82886;30/09/2003;0000;5.503333;9.5;;272.3;3.533333;1;0.2;977.333333;32.513333;26.878667;21.046667;50.933333;;
82886;31/10/2003;0000;5.758065;9.6;;276.5;3.806452;0;0;975.496721;33.422581;27.769032;22.348387;52.096774;;
82886;30/11/2003;0000;4.903333;8.6;;271.9;4.883333;2;2.3;973.533333;34.353333;28.922667;23.44;50.8;;
82886;31/12/2003;0000;4.26129;9.8;;283.4;4.83871;1;2.6;973.520968;35.312903;29.972903;24.23871;43.344828;;
82886;31/01/2004;0000;3.037097;9.6;;158.7;7.951613;20;502.8;973.474194;31.532258;26.887742;23.051613;73;;
82886;29/02/2004;0000;2.572414;5.8;;225.8;6.948276;10;148.1;974.781034;30.982759;26.313103;22.572414;74.517241;;
82886;31/03/2004;0000;2.745161;7.5;;257.8;6.564516;7;62.2;974.224194;31.990323;26.873548;22.516129;69.83871;;
82886;30/04/2004;0000;3.386667;7.5;;240.3;5.85;1;0.4;974.721667;33.233333;27.864;23.34;60.233333;;
82886;31/05/2004;0000;3.68871;8.3;;228.3;5.887097;8;18.6;976.416393;31.235484;26.304516;21.967742;66.387097;;
82886;31/07/2004;0000;4.513115;7.5;;181.6;5.95082;3;2.9;978.02623;29.541935;24.339355;20.270968;65.666667;;
82886;31/08/2004;0000;5.041935;8;;252.2;4.580645;2;1.9;979.041935;30.719355;25.067097;20.187097;61.516129;;
82886;30/09/2004;0000;6.135;9.6;;243.5;4.101695;2;0.9;977.285;31.886667;26.042667;20.893333;55.1;;
82886;31/10/2004;0000;4.708065;9.8;;300.2;3.741935;1;0.4;974.56129;34.33871;28.650968;22.974194;47.580645;;
82886;30/11/2004;0000;4.895;9.8;;280.2;3.8;4;24.6;973.183333;34.733333;29.028;23.4;46.866667;;
82886;31/12/2004;0000;3.317742;7.1;;287.5;4.322581;3;34.4;972.645161;34.829032;29.347097;23.954839;48.354839;;
82886;31/01/2005;0000;2.975806;11.4;;224.7;6.741935;11;59.6;972.290323;33.822581;28.605806;23.509677;58.833333;;
82886;28/02/2005;0000;2.980357;6.6;;210.4;6.714286;11;138.4;972.530357;33.071429;27.98;23.557143;66.846154;;
82886;31/03/2005;0000;2.506667;5;;190.6;6.833333;10;162.8;973.41;32.544828;27.637931;23.655172;68.25;;
82886;31/05/2005;0000;3.534426;7;;176.6;7.508197;20;76.7;975.409836;30.109677;25.244516;22.03871;78.193548;;
82886;30/06/2005;0000;4.331667;7.8;;191;6.766667;13;34.9;976.886667;29.82;24.716;20.88;72.413793;;
82886;31/07/2005;0000;4.530645;7.8;;204.7;6.387097;9;9.9;979.080645;29.03871;23.675484;19.612903;70.354839;;
82886;31/08/2005;0000;4.997826;7.1;;;6.23913;5;7.7;978.795652;30.295652;24.381739;20.06087;66;;
82886;30/09/2005;0000;5.595;9.5;;264.7;3.083333;1;0.7;976.88;32.606667;26.808;21.34;51.966667;;
82886;31/10/2005;0000;5.572581;9.6;;322.9;2.725806;0;0;975.056452;34.690323;28.614839;22.580645;45.806452;;
82886;30/11/2005;0000;3.971667;9.6;;282.4;4.366667;5;153.7;972.75;35.026667;29.308;23.166667;45.866667;;
82886;31/12/2005;0000;3.708065;8;;273.1;5.193548;6;13.6;972.554839;33.219355;27.959355;23.090323;56.516129;;
82886;31/01/2006;0000;5.11129;9.6;;277.2;4.258065;0;0;972.985484;34.606452;28.869032;23.090323;48.806452;;
82886;28/02/2006;0000;2.992857;8.6;;198.8;6.5;6;74.6;972.839286;34.185714;28.418571;23.928571;61.857143;;
82886;31/03/2006;0000;2.63871;5.5;;203.8;6.596774;12;248.3;973.669355;32.245161;26.847097;23.025806;73.548387;;
82886;30/04/2006;0000;2.411667;5.1;;199.3;7.683333;10;89.7;973.78;30.58;25.89;22.516667;80.5;;
82886;31/05/2006;0000;3.596774;8;;188.1;6.870968;9;12.3;976.329032;30.787097;25.494839;21.696774;72.548387;;
82886;30/06/2006;0000;;;91.02037;;;;;;;;;;;
82886;31/07/2006;0000;4.463934;7.5;80.168624;181.6;6.262295;12;36.1;978.857377;28.677419;23.370968;19.23871;73.451613;;
82886;31/08/2006;0000;5.470968;8.8;100.081788;271.8;4.274194;4;2.7;978.11129;30.593548;24.600645;19.148387;61.709677;;
82886;30/09/2006;0000;5.148333;8.6;126.827899;278;3.683333;2;4.5;977.338333;32.786667;26.355333;20.506667;56.133333;;
82886;31/10/2006;0000;4.882043;9.3;177.352954;293;4.129032;2;25;974.469355;34.574194;28.458065;22.270968;50.032258;;
82886;30/11/2006;0000;3.930758;7.3;181.074252;286.4;4.729167;8;38.4;973.003333;34.9;28.741333;22.906667;51.733333;;
82886;31/12/2006;0000;3.880645;9.6;215.194795;315.3;4.790323;4;2.7;973.066129;35.993548;30.045806;24.329032;45.322581;;
82886;31/01/2007;0000;3.979515;8.3;209.411683;300.3;5;3;40.2;972.840323;35.858065;29.902581;24.16129;50.903226;;
82886;28/02/2007;0000;2.598214;7;116.766719;180.5;7.571429;13;208.8;973.75;31.592857;26.332143;22.614286;76.464286;;
82886;31/03/2007;0000;3.715215;8.3;117.00345;228.6;7.016129;11;109.8;973.96129;30.864516;25.709032;22.103226;75.516129;;
82886;30/04/2007;0000;3.505;8.3;139.338656;234.7;5.483333;3;5.8;974.026667;33.573333;27.364667;22.533333;63.466667;;
82886;31/05/2007;0000;4.241935;7.5;120.670155;221.3;6.048387;15;110.1;975.448387;31.451613;26.063871;21.6;69.774194;;
82886;30/06/2007;0000;4.211667;7.6;89.774946;196.4;5.2;12;20.3;977.521667;29.206667;24.289333;20.346667;69.766667;;
82886;31/07/2007;0000;;;;;;1;1.2;;;;;;;
82886;31/08/2007;0000;6.072581;10;91.709095;226;5.322581;10;10;977.830645;29.825806;24.151613;19.380645;63.806452;;
82886;30/09/2007;0000;6.601943;9.6;110.643258;246.7;4.604167;5;2;977.463333;31.46;25.482667;20.373333;58;;
82886;31/10/2007;0000;6.094713;10.1;160.442441;296.7;3.548387;0;0;974.443548;34.051613;27.764516;21.735484;49.677419;;
82886;30/11/2007;0000;4.783333;9.8;190.07946;301.7;3.733333;1;6;972.168333;35.226667;29.210667;23.406667;47.866667;;
82886;31/12/2007;0000;4.275806;10.3;195.610552;293.1;4.741935;2;27;972.114516;34.935484;29.168387;23.632258;48.633333;;
82886;31/01/2008;0000;3.914516;10;183.370466;266.1;5.322581;7;49.9;972.383871;34.693333;28.769032;23.432258;49.064516;;
82886;29/02/2008;0000;2.624138;6.6;125.922709;221.8;6.103448;8;173.2;973.232759;31.703448;26.51931;22.282759;66.862069;;
82886;31/03/2008;0000;2.329032;6;116.925718;176.8;7.935484;21;212.4;973.119355;31.012903;25.755484;22.283871;77.333333;;
82886;30/04/2008;0000;2.428333;4.6;109.316121;206.7;7.116667;14;225.9;973.251667;30.04;25.545333;22.48;77.2;;
82886;31/05/2008;0000;3.812903;8;106.487468;178.9;7.306452;13;13.1;975.114516;29.948387;25.158065;22.154839;65.774194;;
82886;30/06/2008;0000;4.305882;7.8;91.086146;144.4;5.784314;4;3.2;976.941176;29.488;24.468;21.144;58.666667;;
82886;31/07/2008;0000;;;;;;;0;;;;;;;
82886;31/08/2008;0000;5.357377;8.3;101.588338;213.5;5.213115;5;5.1;976.639344;30.703226;25.076774;20.567742;62.266667;;
82886;30/09/2008;0000;5.688333;8.3;137.404125;270.6;3.4;1;0.6;976.57;32.533333;26.816;21.166667;52.366667;;
82886;31/10/2008;0000;5.698387;10.8;160.542099;311.3;3.33871;1;0.7;975.290323;34.193548;28.044516;22.264516;49.741935;;
82886;30/11/2008;0000;4.228333;9.5;221.650805;316.6;3.683333;0;0;972.173333;36.34;30.297333;23.966667;39.133333;;
82886;31/12/2008;0000;3.438261;6.6;193.270506;260.7;5.322581;6;23.6;972.035484;34.722581;28.972258;23.870968;51.096774;;
82886;31/01/2009;0000;3.564516;6.6;183.370466;269.1;5.677419;6;205.9;973.051613;34.748387;28.759355;23.787097;54.451613;;
82886;28/02/2009;0000;2.996429;5;124.867405;185.9;7.25;9;87.9;972.841071;32.357143;26.991429;23.071429;70.464286;;
82886;31/03/2009;0000;2.93871;8.3;145.084354;279;6.096774;6;108.7;972.601613;33.187097;27.223226;23.235484;70.451613;;
82886;30/04/2009;0000;2.445;5.8;114.023554;177.2;7.416667;12;269.5;974.296667;30.86;25.897333;22.873333;81.833333;;
82886;31/05/2009;0000;3.232258;6.6;99.218018;121;8.580645;18;70;975.419355;28.877419;24.777419;22.083871;82.548387;;
82886;30/06/2009;0000;;;;;;;0;;;;;;;
82886;31/07/2009;0000;4.421667;8;95.833447;218;5.283333;6;4.1;977.36;30.56129;24.770667;20.477419;68.7;;
82886;31/08/2009;0000;4.903226;8;102.989913;224.7;4.774194;10;10;977.319355;31.051613;25.177419;20.496774;66.8;;
82886;30/09/2009;0000;4.966667;8.1;146.509219;291.6;2.416667;1;13.6;976.433333;33.986667;27.536;21.68;51.607143;;
82886;31/10/2009;0000;4.048387;8.3;184.010103;274.1;4.725806;5;30.4;973.587097;34.619355;28.863226;23.232258;50.83871;;
82886;30/11/2009;0000;4.223333;8.6;197.039878;324.8;3.816667;1;8;972.453333;35.626667;29.436;23.606667;44.785714;;
82886;31/12/2009;0000;3.777419;8.3;186.311792;225.4;6.322581;6;33;973.148387;34.825806;28.812;23.929032;54.258065;;
82886;31/01/2010;0000;3.343548;7.5;155.675529;240.6;6.854839;7;34.3;973.209677;33.8;27.582581;22.870968;63.903226;;
82886;28/02/2010;0000;4.489286;8.8;157.368191;221.8;6.803571;5;64.4;972.8375;34.921429;28.713571;23.764286;59.814815;;
82886;31/03/2010;0000;2.9;6.8;175.49729;277.7;5.806452;9;50.6;972.641935;34.825806;28.799355;24.003226;62.903226;;
82886;30/04/2010;0000;;;;;;6;97.5;;;;;;;
82886;30/09/2010;0000;6.215036;8.3;112.191322;248.4;4.25;5;3.8;976.39;31.7;25.609333;20.48;59.517241;;
82886;31/10/2010;0000;4.569355;9.1;170.869532;272.7;4.145161;6;106.8;973.882258;34.406452;28.26;22.787097;53.354839;;
82886;31/12/2010;0000;2.827869;6.6;158.265671;229;6.508197;10;86.1;971.172131;33.322581;27.507742;22.883871;61.166667;;
82886;31/01/2011;0000;3.222581;6.6;147.792703;260.1;6.435484;7;71.4;971.858065;33.122581;27.159355;22.567742;63.580645;;
82886;28/02/2011;0000;3.35;7.8;136.871806;202.2;7.25;6;157.5;972.671429;33.578571;27.648571;23.185714;64.428571;;
82886;31/03/2011;0000;2.496774;5;137.657125;277;6.419355;14;92.9;972.4;32.735484;26.805806;22.748387;73.096774;;
82886;30/04/2011;0000;4.012389;8.1;144.743966;228.8;6.430328;8;26.5;971.786885;33.413333;27.256;22.673333;67.575;;
82886;31/05/2011;0000;3.980645;7.3;126.872306;154.9;7.903226;13;111.7;974.092473;29.96129;25.107097;21.522581;69.774194;;
82886;30/06/2011;0000;4.173333;7.6;125.014101;192.5;5.822222;7;7.5;975.475556;30.553333;24.910667;20.466667;60.316667;;
82886;31/07/2011;0000;4.735484;11.1;109.711044;190.4;6.344086;15;24.9;975.950538;29.574194;23.915484;19.83871;64.783333;;
82886;31/08/2011;0000;5.168817;9.3;142.544755;259.1;4.032258;4;5.4;975.916129;31.535484;25.208387;19.677419;52.177419;;
82886;30/09/2011;0000;5.486667;8.3;140.722304;238.9;4.1;3;4.8;976.29;31.5;25.524667;20.433333;52;;
82886;31/10/2011;0000;4.530769;8.6;166.804007;286.8;4.107692;4;8.2;972.930769;33.929032;28.069677;22.541935;51.959677;;
82886;30/11/2011;0000;4.376667;8.5;207.848032;254.3;5.566667;2;25.2;971.561111;34.046667;28.293333;23.24;47.075;;
82886;31/12/2011;0000;3.808602;6.5;238.048098;309.3;4.473118;1;50;970.955914;34.935484;29.093548;23.651613;42.991935;;
82886;31/01/2012;0000;3.991398;7.8;228.95964;251.5;5.741935;3;11.5;971.517204;34.490323;28.772258;23.754839;44.895161;;
82886;29/02/2012;0000;3.843691;8;176.075224;232.6;6.091954;4;117.7;971.467816;33.110345;27.583448;22.786207;53.146552;;
82886;31/03/2012;0000;3.682974;8.3;162.840116;299.1;4.141129;4;16.8;972.937097;34.309677;28.384516;23.006452;53.774194;;
82886;30/04/2012;0000;3.606157;8.1;173.043526;270.2;3.666667;0;0;972.716667;34.243333;28.315333;22.913333;47.816667;;
82886;31/05/2012;0000;4.067742;7.5;171.449052;270.4;4.44086;2;11.8;974.034409;32.570968;26.91;22.174194;51.903226;;
82886;30/06/2012;0000;3.781967;7.1;119.98535;237.9;3.672131;3;3.4;976.555738;31.36;26.004;21.286667;58.8;;
82886;31/07/2012;0000;4.665591;9.8;119.405323;211.5;5.225806;7;15.5;976.367742;29.716129;24.449677;20.064516;62.193548;;
82886;31/08/2012;0000;5.353763;8;121.181593;241.8;4.516129;9;8.7;977.405376;30.264516;24.334839;19.63871;56.774194;;
82886;30/09/2012;0000;5.264789;9.5;137.113994;281.2;2.847222;2;1;976.566197;32.226667;26.250667;20.553333;49.233333;;
82886;31/10/2012;0000;5.302151;9.1;194.094086;306;3.322581;0;0;973.270968;33.458065;27.564516;22;46.83871;;
82886;30/11/2012;0000;3.323333;7.1;256.553876;274;5.622222;3;7.9;970.664444;35.826667;29.962667;24.36;40.35;;
82886;31/12/2012;0000;3.53871;8.8;252.298755;293.9;5.225806;1;0.8;970.702151;35.225806;29.646667;24.167742;41.919355;;
82886;31/01/2013;0000;3.46129;7.8;226.263939;210.9;6.365591;9;49.3;971.845161;34.348387;28.844516;24.148387;50.451613;;
82886;28/02/2013;0000;4.22619;8.3;231.709809;250.6;4.464286;0;0;971.408333;35.107143;29.517143;24.164286;43.044643;;
82886;31/03/2013;0000;3.493548;7;249.213744;266.1;5.301075;;0.8;971.674194;35.535484;29.862581;24.812903;45.951613;;
82886;30/04/2013;0000;3.564444;6.3;191.080977;215.6;5.6;;57.9;972.493333;33.876667;28.342;24;55.325;;
82886;31/05/2013;0000;3.905376;6.6;163.057092;220.8;5.591398;;5;973.930108;32.135484;26.849677;22.683871;58.66129;;
82886;30/06/2013;0000;3.840984;6.5;116.73267;223.5;4.295082;;0.8;975.822951;31.56;26.332;22;60.525;;
82886;31/07/2013;0000;4.309677;7;126.135066;220.3;5.139785;;14.1;975.8;30.2;24.863871;20.658065;60.733871;;
82886;31/08/2013;0000;4.769892;7.5;136.949044;244.1;4.258065;;1.8;975.46129;30.812903;25.316774;20.825806;56.548387;;
82886;30/09/2013;0000;4.928571;7.1;148.338288;274.8;3.063492;;0;975.87619;32.866667;26.957333;21.446667;50.958333;;
82886;31/10/2013;0000;4.598913;7.6;208.68948;298.8;3.934783;;5.2;973.369565;34.180645;28.200645;22.793548;45.056452;;
82886;30/11/2013;0000;4.326667;7.5;212.889357;245.7;5.311111;;1.3;971.332222;33.926667;28.573333;23.533333;45.208333;;
82886;31/12/2013;0000;3.147312;7.5;213.902034;234.3;5.88172;;200;971.315054;33.980645;28.370968;23.729032;52.419355;;
82886;31/01/2014;0000;3.623656;7.5;215.709197;309.1;4.709677;;6.8;972.32043;33.967742;28.520645;23.606452;46.854839;;
82886;28/02/2014;0000;3.479762;7;176.434905;204.3;6.404762;;28.4;971.665476;33.264286;27.944286;23.35;53.785714;;
82886;31/03/2014;0000;3.280645;6.6;206.505938;230.4;6.086022;;12.6;972.194624;33.916129;28.441935;23.96129;53.403226;;
82886;30/04/2014;0000;2.824444;5.1;164.661398;192.6;6.422222;;48.7;972.918889;32.493333;27.134667;23.173333;63.441667;;
82886;31/05/2014;0000;3.424731;6.5;145.102244;196.9;6.139785;;19.9;973.905376;31.196774;26.049032;22.058065;62.75;;
82886;30/06/2014;0000;3.888525;6.1;104.314471;214.1;4.967213;;9;976.331148;30.693333;25.5;21.3;64.155172;;
82886;31/07/2014;0000;4.536559;8.1;124.417852;223.5;5.408602;;8.9;977.494624;30.316129;24.808387;20.387097;58.701613;;
82886;31/08/2014;0000;4.522581;7;127.976828;264.4;4.236559;;14.9;976.803226;30.283871;24.725806;19.883871;56.798387;;
82886;30/09/2014;0000;5.096825;8.6;133.391966;276.9;3.650794;;5.4;976.306349;32.966667;26.944;21.5;51.366667;;
82886;31/10/2014;0000;4.854839;8;191.595731;272.6;5.064516;;3;974.108602;33.503226;27.669032;22.412903;48.024194;;
82886;30/11/2014;0000;3.643333;7.1;212.889357;261.7;5.411111;;31.2;971.967778;34.12;28.579333;23.666667;48.775;;
82886;31/12/2014;0000;3.380645;6.5;196.381325;252;5.752688;;46.4;972.567742;33.412903;27.969333;23.393548;52.883333;;
82886;31/01/2015;0000;3.704301;7;237.1855;293.3;4.88172;;4;973.029032;34.774194;29.256129;23.845161;42.508065;;
82886;28/02/2015;0000;3.321429;6.1;185.280006;207.8;6.440476;;68;972.505952;34.028571;28.241429;23.564286;53.366071;;
82886;31/03/2015;0000;2.845161;6.5;206.505938;278.4;5.88172;;119.3;971.719355;33.741935;28.390323;23.670968;53.903226;;
82886;30/04/2015;0000;2.761111;9.6;200.527718;271.6;4.644444;;16.3;972.505556;34.376667;28.580667;23.993333;51.691667;;
82886;31/05/2015;0000;3.548387;7.1;169.381874;233.6;5.698925;;7.2;973.987097;33.212903;27.569655;23.303226;55.580645;;
82886;30/06/2015;0000;3.572131;6.5;102.832159;186.9;5.385246;;12.6;977.319672;30.746667;25.528966;21.5;66.866667;;
82886;31/07/2015;0000;4.177419;7.6;127.869278;202.2;5.741935;;22.4;976.741935;30.548387;25.072903;20.948387;60.967742;;
82886;31/08/2015;0000;4.443011;7;142.544755;279.8;3.537634;;1.2;976.322581;31.690323;25.616;20.503226;49.725806;;
82886;30/09/2015;0000;4.011111;7.3;188.622551;297.8;2.255556;;0.4;974.407778;34.016667;27.808;21.666667;42.566667;;
82886;31/10/2015;0000;4.082796;7.1;189.238922;307.8;2.72043;;0;973.601075;34.993548;28.726452;23.012903;41.540323;;
82886;30/11/2015;0000;3.629018;7.7166;239.426063;332.9;2.719444;;0;971.066667;37.103571;30.797857;24.553333;32.975;;
82886;31/12/2015;0000;3.97419;8.23104;227.086818;277.2;3.832418;;16;972.547253;35.84;29.988966;24.57;41.075;;