Estacao;Data;Hora;VelocidadeVentoMedia;VelocidadeVentoMaximaMedia;EvapoBHPotencial;InsolacaoTotal;NebulosidadeMedia;NumDiasPrecipitacao;PrecipitacaoTotal;PressaoMedia;TempMaximaMedia;TempCompensadaMedia;TempMinimaMedia;UmidadeRelativaMedia;VisibilidadeMedia;
82893;31/01/1999;0000;4.101149;8.3;;257.8;5.444444;2;1.2;919.976667;30.12;22.930667;18.28;68.45;;
82893;28/02/1999;0000;4.1975;6.6;;207.1;6.130952;6;21.9;920.711905;29.075;22.725714;18.585714;72.017857;;
82893;31/03/1999;0000;3.643902;7.1;;233.9;6.131868;4;1.8;919.850549;29.632258;23.024667;18.346667;70.4;;
82893;30/04/1999;0000;3.49625;5.6;;257.1;5.566667;5;14.6;921.572222;28.706667;22.590667;18.913333;72.275;;
82893;31/05/1999;0000;3.0875;5.8;;197.4;7.204301;17;81.1;922.330108;25.751613;21.007097;17.632258;84.435484;;
82893;30/06/1999;0000;3.028125;5;;216.7;6.616279;18;41.6;923.173256;24.42;20.002857;16.935714;85.205357;;
82893;31/07/1999;0000;3.382927;7.1;;167.3;7.244444;25;94;924.862222;22.953333;18.566667;15.641379;88.225;;
82893;31/08/1999;0000;;;;168.6;7.648352;21;67.9;924.921978;22.677419;18.325517;15.351724;88.783333;;
82893;30/09/1999;0000;;;;205.1;7.544444;14;27.1;923.081111;24.54;19.61913;16.065217;85.516667;;
82893;31/10/1999;0000;;;;236.7;6.580645;10;92.4;922.422581;26.303226;20.685806;16.803226;81.83871;;
82893;30/11/1999;0000;;;;267.7;5.611111;0;0;920.718889;28.926667;22.296;17.706667;72.646552;;
82893;31/12/1999;0000;4.304301;8.8;;206.7;6.709677;9;44.7;920.319355;28.732258;22.400645;18.316129;73.41129;;
82893;31/01/2000;0000;3.339785;7.5;;218.5;6.806452;11;85.3;919.784946;27.709677;22.692174;18.522581;88.684783;;
82893;29/02/2000;0000;3.265517;7.5;;217.4;6.425287;5;46.1;920.977011;28.782759;22.666207;18.706897;87.672414;;
82893;31/03/2000;0000;3.653763;7.5;;214.9;7.096774;8;31.4;920.070968;28.56129;22.652258;18.951613;88.491935;;
82893;30/04/2000;0000;3.173333;6.8;;196.3;7.222222;18;75.4;921.096667;26.593333;21.792667;18.83;93.258333;;
82893;31/05/2000;0000;3.011828;6.6;;182.7;7.021505;20;85;922.862366;24.790323;20.622581;17.787097;95.379032;;
82893;30/06/2000;0000;;;;113.5;;23;181.2;;23.383333;;17.426667;;;
82893;31/07/2000;0000;;;;126.5;;25;153.3;;22.693548;;16.645161;;;
82893;31/08/2000;0000;;;;158.8;;22;166.1;;23.293548;;16.403226;;;
82893;30/09/2000;0000;;;;;;21;135.1;;24.32;;;94.016667;;
82893;31/10/2000;0000;;;;;;5;6.8;;26.422581;;;90.217742;;
82893;30/11/2000;0000;;;;;;7;10.9;;28.7;;;87.516667;;
82893;31/12/2000;0000;;;;;;7;81;;28.586667;;;85.782258;;
82893;31/01/2001;0000;3.881319;8.3;;238.5;5.934783;6;14.8;922.447826;27.680645;21.564516;17.858065;81.782258;;
82893;28/02/2001;0000;3.57381;6.6;;175.8;6.238095;2;0.7;921.146429;29.464286;22.777143;18.442857;80.160714;;
82893;31/03/2001;0000;3.261957;6.6;;209;6.774194;9;81.1;921.649462;28.912903;22.579355;18.758065;84.516129;;
82893;30/04/2001;0000;3.025843;6.6;;;6.775281;13;36.7;922.39;26.74;21.438667;18.24;86.525;;
82893;31/05/2001;0000;3.276344;8.6;;255.7;5.333333;4;10.5;922.615054;27.964516;21.978065;18.235484;84.266129;;
82893;30/06/2001;0000;;;;;8.366667;26;225.8;924.456667;23.276667;19.508667;17.193333;93.830357;;
82893;31/07/2001;0000;;;;111;8.763441;28;146.5;925.027957;22.848387;19.116129;16.990323;;;
82893;31/08/2001;0000;;;;164.4;8.25;27;101.7;926.676344;22.693548;18.387742;15.941935;93.548387;;
82893;30/09/2001;0000;;;;245.4;6.033708;12;21.4;923.83;25.266667;19.945333;16.653333;;;
82893;31/10/2001;0000;;;;233.7;6.290323;7;123;922.901075;26.996774;21.197419;17.612903;81.887097;;
82893;30/11/2001;0000;4.115556;8.3;;284.9;6.022222;2;2.9;921.613333;28.446667;22.134667;17.846667;75.083333;;
82893;31/12/2001;0000;4.494624;8.3;;215.3;7.193548;14;42;921.319355;28.519355;22.436129;18.809677;78.973214;;
82893;31/01/2002;0000;3.392473;8.8;;132;8.741935;21;216.4;921.764516;26.548387;21.77871;18.583871;86.651786;;
82893;28/02/2002;0000;3.202381;6.6;;186.4;6.72619;8;15.4;922.335714;27.4;21.997143;18.292857;80.75;;
82893;31/03/2002;0000;3.011828;7;;172.7;7.204301;15;75.9;922.011828;26.73871;21.832903;18.6;84.475;;
82893;30/04/2002;0000;2.626667;5;;161.6;8;15;83.8;921.647778;26.153333;21.508667;18.706667;84.732759;;
82893;31/05/2002;0000;2.870968;6.3;;143.7;8;18;171.3;922.970968;24.7;20.730323;18.125806;88.854839;;
82893;30/06/2002;0000;2.786364;7;;75.2;8.7;29;170.6;925.084444;22.646667;19.316667;17.17;93.233333;;
82893;31/07/2002;0000;2.74086;5.3;;141.9;8.075269;15;109.9;925.535484;23.793548;19.340645;16.56129;89.556452;;
82893;31/08/2002;0000;3.132258;6.3;;153.3;8.193548;26;124.4;925.578495;23.177419;18.80129;16.145161;89.25;;
82893;30/09/2002;0000;3.562921;8.3;;228.9;6.277778;12;16;924.084444;25.873333;19.974667;16.42;80.5;;
82893;31/10/2002;0000;3.627174;8.3;;243.5;6.462366;7;19;923.135484;26.896774;20.770968;16.958065;78.419355;;
82893;30/11/2002;0000;3.997778;12.6;;271.4;5.488889;6;15.3;922.653333;28.64;21.893333;17.66;71.825;;
82893;31/12/2002;0000;4.160215;7.5;;278.5;5.946237;3;172.9;922.117204;29.964516;23.144516;18.641935;70.798387;;
82893;31/01/2003;0000;3.994624;7.5;110.685743;271.2;4.946237;6;28.9;922.04086;30.258065;23.321935;19.022581;71.112903;;
82893;28/02/2003;0000;3.146429;5.3;103.487973;171;7.130952;13;43.9;922.207143;27.685714;22.245714;18.964286;79.142857;;
82893;31/03/2003;0000;3.386957;7;88.11157;192.6;7.597826;10;67.7;921.790217;28.041935;22.567742;18.983871;78.790323;;
82893;30/04/2003;0000;2.993333;6.6;93.233858;234.2;6.211111;12;55.7;922.268889;27.873333;22.285333;18.586667;79.025;;
82893;31/05/2003;0000;2.797849;6.1;82.097947;198.7;6.698925;15;56.9;923.15914;26.751613;21.779355;19.029032;81.927419;;
82893;30/06/2003;0000;2.615556;5.8;65.353224;122.8;7.677778;20;103.4;924.025556;23.666667;19.768667;17.923333;89.541667;;
82893;31/07/2003;0000;3.063333;5.8;61.750015;144.1;8.377778;27;116.7;925.667778;22.454839;18.811333;16.773333;89.175;;
82893;31/08/2003;0000;3.149462;6;62.692823;192.1;7.774194;19;51.7;925.405376;24.1;19.492258;17;85.862903;;
82893;30/09/2003;0000;3.213333;6.6;67.038358;174.8;7.366667;15;80.1;924.718889;24.573333;19.801333;16.926667;84.266667;;
82893;31/10/2003;0000;3.454839;5.8;83.46606;207;6.602151;12;19;923.044086;26.622581;20.847097;17.412903;79.008065;;
82893;30/11/2003;0000;3.722222;8;90.297256;256.3;6.1;4;9.1;921.573333;28.96;22.319333;18.136667;74.175;;
82893;31/12/2003;0000;3.996739;8.3;96.857911;276.2;5.913043;2;18.8;921.831522;29.806667;22.798;18.643333;70.675;;
82893;31/01/2004;0000;3.507527;7.3;97.464838;127;8.387097;20;191.8;920.815054;27.770968;22.356774;19.167742;83.080645;;
82893;29/02/2004;0000;3.214943;8;89.827954;191.3;7.534884;12;115.8;921.910345;27.182759;22.115862;18.927586;81.189655;;
82893;31/03/2004;0000;3.143011;6.6;95.142835;221.2;6.634409;9;62.3;921.649462;27.429032;22.190968;18.906452;79.604839;;
82893;30/04/2004;0000;2.825556;6.6;84.500704;177.2;7.566667;15;59.6;922.208889;26.58;21.990667;18.953333;83.116667;;
82893;31/05/2004;0000;2.664516;6.5;76.259861;162.4;8.086022;17;81.5;923.353763;25.803226;21.156129;18.429032;84.612903;;
82893;30/06/2004;0000;2.802222;5;63.633618;73.6;9.055556;29;247.7;925.627778;22.426667;19.28;17.42;92.408333;;
82893;31/07/2004;0000;2.962222;6.6;59.94786;117.4;8.924731;27;204.5;924.501111;22.332258;18.832667;16.719355;91.596774;;
82893;31/08/2004;0000;2.857778;6.6;64.988892;139.4;7.888889;21;91.3;925.901111;23.353333;19.022667;16.446667;88.45;;
82893;30/09/2004;0000;2.825556;5.8;67.26219;120.3;8.422222;18;113.2;924.706667;23.94;19.385333;16.833333;87.008333;;
82893;31/10/2004;0000;3.63913;9.1;80.192336;239.3;6.195652;4;4.3;922.725;26.936667;21.016667;17.206667;76.8;;
82893;30/11/2004;0000;3.926667;8;92.361914;256.8;5.011111;5;5.4;921.782222;28.813333;21.816667;17.644828;70.466667;;
82893;31/12/2004;0000;3.997849;7;;260.2;4.569892;1;6.3;921.345161;29.748387;22.155484;17.819355;65;;
82893;31/01/2005;0000;3.792308;8.6;;266.7;5.417582;3;19.7;920.83956;30.719355;23.15;18.496667;66.516667;;
82893;28/02/2005;0000;3.657143;6.8;;195.8;6.666667;8;69;920.695238;29.6;22.809286;18.760714;73.455357;;
82893;31/03/2005;0000;3.434066;8;;215.3;6.604396;9;195.6;921.584615;30.16;23.284138;19.073333;74.767241;;
82893;30/04/2005;0000;2.594444;5;;208.9;7.444444;13;49.2;922.103333;27.626667;22.562;18.963333;81.483333;;
82893;31/05/2005;0000;2.828261;5.8;;102.1;8.56044;23;191.9;922.98022;25.174194;21.052903;18.632258;90.060345;;
82893;30/06/2005;0000;2.7;6.6;;90.8;9;25;325.3;924.008889;23.293333;19.892;17.966667;92.1;;
82893;31/07/2005;0000;2.755914;5.8;;136.7;8.537634;24;125.4;925.793548;22.622581;18.843226;16.593548;90.645161;;
82893;31/08/2005;0000;2.475556;4.6;;97.6;8.604396;25;146.6;925.365934;22.368966;18.684138;16.444828;90.982759;;
82893;30/09/2005;0000;3.132222;6.6;;186.9;6.788889;15;39.9;924.464444;25.066667;19.872667;16.776667;85.833333;;
82893;31/10/2005;0000;3.654839;8.3;;259.6;6.11828;3;2.3;923.355914;27.5;21.245806;17.174194;75.814516;;
82893;30/11/2005;0000;4.175556;8;;276;5.933333;1;0.4;921.357778;29.56;22.394;17.986207;72.233333;;
82893;31/12/2005;0000;3.560215;7.5;;249.4;6.526882;5;58.6;920.72043;28.209677;22.200645;18.432258;78.104839;;
82893;31/01/2006;0000;3.172043;6.6;;254.1;6.774194;4;4.1;921.380645;28.212903;22.131613;18.290323;77.209677;;
82893;28/02/2006;0000;3.355952;6.6;;229;6.72619;3;37.5;920.935714;30.171429;23.534286;19.414286;74.848214;;
82893;31/03/2006;0000;3.234409;8.3;;204;6.872043;8;115.8;921.244086;29.180645;23.353548;19.658065;78.983871;;
82893;30/04/2006;0000;2.478161;5.8;;162.3;7.280899;9;72.8;920.942697;27.834483;22.684138;19.406897;84.431034;;
82893;31/05/2006;0000;2.438156;6.6;;117;8.752717;23;148;924.015217;24.470968;20.896774;18.593548;91.291667;;
82893;30/06/2006;0000;2.794232;5;64.61109;84.7;9.011111;25;212.9;924.546667;22.666667;19.448;17.28;94.025;;
82893;31/07/2006;0000;2.721739;5;63.226625;117.5;8.913978;26;161.1;925.486022;22.690323;18.944516;16.677419;93.879032;;
82893;31/08/2006;0000;2.995604;5.3;61.950543;172.2;8.043478;20;88.9;924.955435;24.713333;19.249032;16.36;89.379032;;
82893;30/09/2006;0000;3.259285;7.1;73.527465;194.6;6.875;8;62.7;924.5625;25.736667;20.166207;16.906667;83.922414;;
82893;31/10/2006;0000;3.654617;7.8;90.934999;207;5.898352;5;8.7;922.59011;27.841935;21.698;18.006452;78.65;;
82893;30/11/2006;0000;4.053482;8.3;96.091377;255;5.652778;8;36.7;921.217778;28.5;22.466667;18.126667;74.283333;;
82893;31/12/2006;0000;4.104878;8.3;106.176934;273.6;5.352941;1;0.3;922.052941;29.719355;22.944444;18.65;71.398148;;
82893;31/01/2007;0000;3.854532;8.3;107.83001;227.6;5.688312;5;17.8;921.836364;29.761538;23.2872;19.224;72.91;;
82893;28/02/2007;0000;3.353086;9.6;93.245697;187.4;7.390244;11;133.4;921.635366;28.503704;22.971538;19.542857;80.018519;;
82893;31/03/2007;0000;2.474571;4.5;101.365576;160.5;8.147727;12;79.8;921.930682;25.196667;21.557857;19.153333;86.732759;;
82893;30/04/2007;0000;2.400963;5.8;83.452181;172.5;7.488889;12;78.2;922.204444;25.95;21.635862;18.731034;84.991667;;
82893;31/05/2007;0000;2.420225;6.3;78.696673;144.9;8.177778;20;110.3;922.885556;24.183871;20.813103;18.486667;90.336207;;
82893;30/06/2007;0000;2.535462;6.6;65.353224;119.9;8.625;25;194.6;924.847059;22.1;19.575556;17.786207;91.083333;;
82893;31/07/2007;0000;2.682022;4.5;63.97213;122.1;8.179775;20;134.6;925.014607;22.523333;19.018;16.54;90.775;;
82893;31/08/2007;0000;2.673913;5;56.186708;105.9;8.709677;25;198.4;925.123656;21.219355;18.472258;16.580645;92.024194;;
82893;30/09/2007;0000;2.92322;5.3;65.68545;121.5;8.436782;17;102.3;925.395506;22.603448;19.003448;16.558621;87.431034;;
82893;31/10/2007;0000;3.14442;7.1;71.714341;202.1;7.150538;3;5.1;923.119355;25.470968;20.292258;17.248387;81.66129;;
82893;30/11/2007;0000;4.048315;7;88.633989;284.6;5.561798;4;15;921.295506;27.833333;21.672;17.826667;74.566667;;
82893;31/12/2007;0000;3.533667;7.5;77.839646;226.4;6.341398;3;8.8;921.144086;28.206452;22.126452;18.270968;73.895161;;
82893;31/01/2008;0000;2.983118;6.6;92.951973;227.8;6.892473;2;2.8;920.772043;28.506667;22.42129;18.354839;72.758065;;
82893;29/02/2008;0000;3.52;8;91.954278;194.3;6.315789;7;25.8;921.371053;28.953846;23.024444;18.741176;72.305556;;
82893;31/03/2008;0000;2.662025;7.1;91.730725;161.1;7.481013;16;240.1;920.56625;26.85;22.893684;19.15;79.407895;;
82893;30/04/2008;0000;2.395775;5.8;87.765598;167;7.097222;13;70.3;920.461111;25.896296;;;;;
82893;31/05/2008;0000;2.335;4.1;75.337711;90.1;8.968254;23;203.9;922.404839;22.888;;;;;
82893;30/06/2008;0000;2.378462;4.6;61.683213;85.4;8.550725;21;84.7;923.881944;22.082143;;;90.578125;;
82893;31/07/2008;0000;2.476623;5.8;65.499486;66.5;8.974684;26;144.8;925.163291;21.164516;18.33125;16.38125;;;
82893;31/08/2008;0000;2.290541;5;61.250846;128;8.693333;21;92.9;923.788;22.013333;19.015294;16.5;89.338235;;
82893;30/09/2008;0000;2.470117;5;71.173705;165.3;7.54;7;19.2;924.156;24.248276;19.8825;17.333333;85.234375;;
82893;31/10/2008;0000;2.808692;5.3;84.601866;196.3;7.582278;8;17.7;923.529114;25.176667;20.521333;17.72;83.0625;;
82893;30/11/2008;0000;3.560811;6.6;100.965343;278.7;4.753425;0;0;921.121918;28.446667;;;;;
82893;31/12/2008;0000;5.197431;9;122.183996;278.4;6.108871;1;49.6;920.47541;29.38;;;;;
82893;31/01/2009;0000;2.944734;8.3;108.865163;262.8;5.942029;3;17.3;921.618841;;;18.575;73.130435;;
82893;28/02/2009;0000;2.423681;8;112.306418;161.8;7.708333;9;61;920.947761;27.068421;;18.611111;81.666667;;
82893;31/03/2009;0000;2.44;6.6;118.842755;238.5;6.554054;4;9;920.393333;28.688;;18.941176;74.402778;;
82893;30/04/2009;0000;2.052857;8;109.53185;159.6;7.285714;13;146.9;921.298571;26.948148;;;;;
82893;31/05/2009;0000;2.097287;4.11552;82.960642;100.8;8.871795;25;165.9;922.101282;24.496774;21.310588;18.764706;91.117647;;
82893;30/06/2009;0000;2.518519;5.3;72.242874;;8.759259;20;131.3;924.033333;23.25;;;;;
82893;31/07/2009;0000;2.120513;4.3;71.692515;124.5;8.435897;23;102.8;924.494872;23.573333;19.802667;17.226667;91.916667;;
82893;31/08/2009;0000;2.410526;6.6;68.806633;115.5;8.697368;23;153.1;924.402632;23.167742;19.445333;16.546667;91.766667;;
82893;30/09/2009;0000;4.444444;8.8;88.878526;190.5;6.422535;4;9.9;924.420833;26.082759;;;;;
82893;31/10/2009;0000;5.661702;9.6;93.751166;212.4;6.021277;2;32.2;921.374468;28.4;;;;;
82893;30/11/2009;0000;4.569014;9.6;97.046877;228.6;5.971831;3;15.8;921.3;28.544828;;;;;
82893;31/12/2009;0000;3.930159;8.3;106.176934;184.8;7.047619;7;50;921.535938;27.91;;;;;
82893;31/01/2010;0000;2.449231;6.6;99.744005;151.4;8.138462;12;110;921.741538;;;;;;
82893;28/02/2010;0000;3.877049;7;92.343617;149;8.311475;8;44.8;921.434426;27.716667;;;;;
82893;31/03/2010;0000;2.844262;7.3;107.359679;;6.47541;6;119.9;921.206557;29.552381;;;;;
82893;30/04/2010;0000;2.666102;6.6;91.410992;167.9;7.677966;12;220.7;921.408333;27;;;;;
82893;31/05/2010;0000;2.3;5;85.578512;165.1;7.360656;11;43.6;922.072131;26.48;;;;;
82893;30/06/2010;0000;2.363333;6.6;69.904124;;8.483333;25;427.5;924.348333;23.36;;;;;
82893;31/07/2010;0000;2.869355;5.6;73.294767;106.5;8.725806;26;147.5;924.587097;22.56129;;;;;
82893;31/08/2010;0000;2.691935;6;60.480553;;8.935484;26;112.9;925.26129;21.921429;;;;;
82893;30/09/2010;0000;3.538333;8.3;85.328733;143.1;8.1;14;123.6;923.933333;23.689655;;;;;
82893;31/10/2010;0000;3.274194;8.3;99.525527;162.7;6.786885;7;83.7;921.956452;26.858065;;;;;
82893;30/11/2010;0000;3.711667;8.3;101.902483;;5.65;2;1.7;920.755;28.386667;;;;;
82893;31/12/2010;0000;3.680645;8.3;106.176934;;7.354839;4;10.4;919.570968;28.826667;;;;;
82893;31/01/2011;0000;2.58871;6.6;97.77654;;7.806452;10;64.1;919.991935;28.283333;;;;;
82893;28/02/2011;0000;3.5375;6.3;115.334196;169.5;7.696429;6;78.8;920.792857;27.814286;;;;;
82893;31/03/2011;0000;2.875806;5.8;132.105173;215.4;6.16129;3;150.9;920.156452;28.922581;;;;;
82893;30/04/2011;0000;2.683333;5.8;107.307841;;8.3;21;120.8;921.898333;26.386667;;;;;
82893;31/05/2011;0000;2.515;8.3;63.824131;68.4;9.183333;24;206.6;922.133333;23.8;;;;;
82893;30/06/2011;0000;2.25;5;70.98366;;8.8;19;140.7;923.616667;23.227586;;;;;
82893;31/07/2011;0000;2.29;5.6;71.990668;51.4;9.366667;29;208.5;923.946667;21.813793;;;;;
82893;31/08/2011;0000;2.923333;6.6;69.066593;128;7.733333;14;82.6;924.591667;23.478571;;;;;
82893;30/09/2011;0000;2.646429;4.3;64.393128;;8.339286;17;101.1;924.607143;22.971429;;;;;
82893;31/10/2011;0000;3.710417;5.6;109.276713;;7.729167;8;13.6;921.045833;26.2;;;;;
82893;30/11/2011;0000;4.583333;8;114.917105;131.6;7.65;9;32.1;921.39;27.013333;;;;;
82893;31/12/2011;0000;;7.3;;;;;0;920.564286;28.92381;;;;;
82893;31/01/2012;0000;;;;;;6;16.6;;;;;;;
82893;29/02/2012;0000;4.264286;7;;;;5;24.6;921.6;27.533333;;;;;
82893;31/03/2012;0000;4.182547;7.6;109.04059;148.5;6.913793;4;3.8;921.77069;28.455172;;;;;
82893;30/04/2012;0000;3.375;6.6;97.492754;137.8;7.15;5;37;921.916667;27.733333;;;;;
82893;31/05/2012;0000;3.962903;6.6;93.285474;133;7.548387;12;64.8;923.093548;26.819355;;;;;
82893;30/06/2012;0000;3.041667;6.3;74.966696;86.4;8.933333;22;72.7;924.513333;24.533333;;;;;
82893;31/07/2012;0000;3.222951;5.6;72.014764;60.2;9.114754;29;90.1;924.713115;22.573333;;;;;
82893;31/08/2012;0000;2.803226;5.8;83.315838;126;7.709677;22;115.5;925.833871;23.23871;;;;;
82893;30/09/2012;0000;3.463158;6;78.896052;144.5;7.068966;8;11;925.294828;25.503448;;;;;
82893;31/10/2012;0000;3.244262;6.6;113.557281;114.8;7.098361;8;7.5;922.596721;27.06;;;;;
82893;30/11/2012;0000;4.056667;9.6;110.757738;167.2;5.583333;1;1.4;920.665;30.02;;;;;
82893;31/12/2012;0000;3.951667;7.6;141.824441;;6.5;4;6;920.748333;30.173333;;;;;
82893;31/01/2013;0000;3.2;7.3;119.285337;117.7;6.65;7;13.6;921.543333;30.26;;;;;
82893;28/02/2013;0000;3.091071;7.3;125.752957;141.1;6.892857;1;4.5;920.9125;29.614286;;;;;
82893;31/03/2013;0000;3.515;7.3;134.369268;162.1;6.644068;;14.4;921.621667;30.253333;;;;;
82893;30/04/2013;0000;3.126667;6.6;130.587994;153.8;6.95;;114.5;921.825;29.533333;;;;;
82893;31/05/2013;0000;2.005172;5.8;104.892543;;8.137931;;66.3;922.906897;25.721429;;;;;
82893;30/06/2013;0000;1.818333;6.6;75.786411;112.3;8.1;;117.8;923.705;23.92;;;;;
82893;31/07/2013;0000;2.248387;5.3;78.591192;86.7;8.741935;;177.5;924.756452;22.825806;;;;;
82893;31/08/2013;0000;2.46129;7.6;66.713198;118.4;8.258065;;97.9;924.341935;23.187097;;;;;
82893;30/09/2013;0000;3.273333;8.6;81.407106;113;7.666667;;21.5;924.23;25.213333;;17.496552;;;
82893;31/10/2013;0000;3.153448;8.3;106.179251;118.6;6.775862;;58.8;922.748276;27.22069;;;;;
82893;30/11/2013;0000;3.276667;8.3;96.663114;;7.466667;;25.8;921.331667;27.110345;;;;;
82893;31/12/2013;0000;3.634483;9.3;119.737474;153.1;6.473684;;74.3;921.017241;28.634483;;18.457143;;;
82893;31/01/2014;0000;2.420968;5.8;98.343955;147.4;6.629032;;13.8;921.896774;28.864516;;17.974194;;;
82893;28/02/2014;0000;2.526786;5.6;96.60784;122.8;8.107143;;20.9;921.083929;28.228571;;18.592857;;;
82893;31/03/2014;0000;2.170968;7.6;129.767478;132.1;7.822581;;62.1;921.670968;28.716129;;;;;
82893;30/04/2014;0000;2.138333;6.3;96.611545;149.6;7.266667;;152.8;921.82;27.88;;;;;
82893;31/05/2014;0000;2.176667;5.3;86.930929;;8.7;;176.5;922.646667;25.233333;;18.24;;;
82893;30/06/2014;0000;2.412727;5.6;85.918584;;8.6;;120.8;924.178182;24.121429;;17.735714;;;
82893;31/07/2014;0000;2.590164;7.4;69.598086;130.8;8.147541;;144.7;926.016393;23.677419;;16.26;;;
82893;31/08/2014;0000;2.055932;5;70.66072;113.1;8.661017;;131.3;925.467797;23.193333;;16.333333;;;
82893;30/09/2014;0000;3.236207;6.6;86.677204;36.2;7.534483;;68.4;924.544828;24.937931;;16.744828;;;
82893;31/10/2014;0000;3.167857;6.6;85.870136;17;8.385965;;173.6;923.692982;24.7;;17.207407;;;
82893;30/11/2014;0000;3.633929;8.7;122.491577;91.7;7.196429;;16.1;921.832143;27.1;;;;;
82893;31/12/2014;0000;3.033333;6.6;;;;;17.9;921.807143;27.028571;;;;;
82893;31/01/2015;0000;3.453846;6.6;183.044851;128.2;6.576923;;5.6;922.853846;28.369231;;;;;
82893;28/02/2015;0000;2.892727;9.6;139.069783;104.2;7.309091;;71.9;922.033929;28.435714;;;;;
82893;31/03/2015;0000;2.445902;6.6;108.084156;102.2;7.3;;15.9;921.688525;28.941935;;;;;
82893;30/04/2015;0000;2.774138;5.8;125.073988;192.5;5.517241;;4.2;921.918966;29.855172;;;;;
82893;31/05/2015;0000;2.443396;5.6;101.931798;162.6;7.339623;;40.5;923.066038;28.446154;;18.583333;;;
82893;30/06/2015;0000;1.783333;6;79.922443;81.7;8.851852;;122.8;924.527778;25.6;;17.8;;;
82893;31/07/2015;0000;;;;;;;0;;;;;;;
82893;31/08/2015;0000;2.634091;5;89.541323;;;;74.7;925.065909;;;;;;
82893;30/09/2015;0000;2.21;6.6;;;;;9;924.3;;;;;;
82893;30/11/2015;0000;4.727286;9.77436;100.568445;;;;0;920.921622;;;;;;
82893;31/12/2015;0000;3.582707;8.23104;100.717791;;6.09375;;17.6;923.617857;;;;;;