Estacao;Data;Hora;VelocidadeVentoMedia;VelocidadeVentoMaximaMedia;EvapoBHPotencial;InsolacaoTotal;NebulosidadeMedia;NumDiasPrecipitacao;PrecipitacaoTotal;PressaoMedia;TempMaximaMedia;TempCompensadaMedia;TempMinimaMedia;UmidadeRelativaMedia;VisibilidadeMedia;
82753;31/01/1999;0000;2.207527;5.6;;200;5.688172;15;131.9;957.22043;31.425806;26.062581;22.064516;77.33871;;
82753;28/02/1999;0000;2.508434;7;;176;6.369048;7;81.5;957.778571;32.128571;26.313571;22.192857;74.25;;
82753;31/03/1999;0000;1.708696;5;;170.5;6.516129;17;270.7;957.449462;29.33871;24.574839;21.267742;85.467742;;
82753;30/04/1999;0000;2.375281;4.8;;228.4;4.677778;4;44.7;959.147778;29.79;24.362667;20.466667;82.841667;;
82753;31/05/1999;0000;2.629348;6.5;;202.4;5.387097;8;66;959.968817;30.470968;24.238065;19.803226;78.379032;;
82753;30/06/1999;0000;2.946667;6.3;;227.3;3.766667;1;0.1;960.77191;30.743333;24.086;18.883333;67.516667;;
82753;31/07/1999;0000;3.445455;6;;230.1;4.268817;4;8.2;962.205376;29.887097;23.354194;18.309677;65.612903;;
82753;31/08/1999;0000;3.734831;6;;254.5;3.580645;2;11.9;962.086022;30.451613;24.040645;19.209677;62.137097;;
82753;30/09/1999;0000;3.378161;5.8;;266.7;3.566667;4;45.8;959.393333;32.353333;25.58;20.136667;63.941667;;
82753;31/10/1999;0000;3.007527;6.3;;270.3;4.129032;6;111.8;958.862366;32.474194;26.063226;20.619355;66.427419;;
82753;30/11/1999;0000;2.457778;5;;234.6;5.122222;8;17.6;957.382222;31.733333;25.665333;21.33;76.8;;
82753;31/12/1999;0000;2.573913;6;;220.3;5.935484;7;96.7;956.950538;31.819355;26.257419;21.819355;74.798387;;
82753;31/01/2000;0000;;;;;;;0;;;;;;;
82753;29/02/2000;0000;2.232927;4.3;;180.8;6.325581;15;110.5;958.833721;30.806897;24.904138;21.003448;82.043103;;
82753;31/03/2000;0000;2.397849;5;;196.8;5.827957;9;91.9;957.715054;30.587097;24.661935;20.945161;83.056452;;
82753;30/04/2000;0000;2.38764;6.5;;192.4;6.333333;12;80.4;958.765556;30.59;24.822667;21.216667;81.316667;;
82753;31/05/2000;0000;2.924638;5.8;;205.3;5.172043;2;0.3;959.84086;31.290323;24.985161;20.490323;75.25;;
82753;30/06/2000;0000;3.337931;6.5;;176.3;5.888889;8;8.4;961.263333;29.973333;24.386;20.256667;73.058333;;
82753;31/07/2000;0000;3.366304;5.6;;178.4;5.397849;4;5.1;961.037634;30.225806;24.250323;19.535484;67.701613;;
82753;31/08/2000;0000;3.510989;6.1;;229.6;4.451613;3;4.4;961.584946;31.712903;25.176774;19.954839;64;;
82753;30/09/2000;0000;3.584444;6.6;;217.7;4.333333;3;1.2;960.021111;32.543333;26.304;21.15;;;
82753;31/10/2000;0000;3.233696;6;;288.9;3.430108;0;0;959.405376;34.23871;27.784516;22.135484;58.158333;;
82753;30/11/2000;0000;2.473563;5.3;;240.5;5.166667;9;59.3;957.032222;33.66;27.293333;22.366667;69.435185;;
82753;31/12/2000;0000;2.394382;6.3;;238.4;5.612903;8;125.8;958.125806;32.426667;26.766667;22.216129;;;
82753;31/01/2001;0000;2.353846;5.8;;224.5;5.666667;4;32.9;958.904301;32.283871;25.994667;21.325806;74.016129;;
82753;28/02/2001;0000;2.036145;5;;153.4;5.963855;6;71.8;957.90119;30.767857;25.547692;21.85;80.651786;;
82753;31/03/2001;0000;2.240659;4.8;;222.8;5.784946;10;248.1;958.789247;30.277419;24.94;21.067742;85.177419;;
82753;30/04/2001;0000;2.597753;6;;216.6;5.355556;5;28.2;959.307778;30.946667;24.964;20.736667;80.366667;;
82753;31/05/2001;0000;2.240698;5.5;;248.6;3.795455;4;4;959.790909;32.824138;26.304828;21.227586;69.715517;;
82753;30/06/2001;0000;3.047191;6.5;;176.2;5.944444;3;2.1;963.597778;30.303333;24.752667;20.573333;57.3;;
82753;31/07/2001;0000;3.475269;6.6;;203.5;5.053763;3;2.1;963.989247;30.212903;24.325333;19.9;58.41129;;
82753;31/08/2001;0000;4.004348;7.1;;231.6;4.193548;8;4;965.670968;30.009677;23.897419;19.177419;;;
82753;30/09/2001;0000;3.328889;7;;267.5;3.111111;0;0;961.9;33.083333;26.556667;20.696667;43.325;;
82753;31/10/2001;0000;2.872043;9.3;;281.4;3.72043;3;27.1;960.608602;34.396774;28.056129;22.312903;43;;
82753;30/11/2001;0000;2.771111;6;;289.1;3.711111;2;1.3;959.103333;35.463333;29.037241;23.17931;39.675;;
82753;31/12/2001;0000;3.11413;6.3;;235.4;5.255556;9;205.9;959.111111;33.444828;27.73931;22.927586;52.089286;;
82753;31/01/2002;0000;2.101087;5;;155.2;7.763441;17;370.3;960.850538;28.880645;24.452903;21.316129;78.798387;;
82753;28/02/2002;0000;2.730864;6;;;5.14759;4;24.9;960.832927;31.181481;25.552593;20.975;70.230769;;
82753;31/03/2002;0000;2.66101;5.18;;;5.967742;7;38.2;960.877174;32.190323;26.025161;21.690323;67.4;;
82753;30/04/2002;0000;2.625418;5.1444;;174.1;5.652778;5;38;960.05;31.065517;25.446897;21.23;69.068966;;
82753;31/05/2002;0000;2.876187;5.65884;;214.1;4.958333;4;5.6;961.697778;31.645161;25.812258;21.122581;61.25;;
82753;30/06/2002;0000;3.332428;6.68772;;191.9;5.736111;7;9.6;964.4;30.016667;24.533793;20.19;63.291667;;
82753;31/07/2002;0000;3.051159;5.6;;234.1;4.215054;6;26.6;964.389247;30.583871;24.447097;19.322581;55.435484;;
82753;31/08/2002;0000;3.484295;7.20216;;251.9;3.615591;3;3;964.145161;31.086667;24.592667;19.196774;54.416667;;
82753;30/09/2002;0000;3.331896;9.25992;;259.5;2.761628;0;0;962.248837;33.532143;26.954286;21.196667;43.053571;;
82753;31/10/2002;0000;3.24448;5.65884;;288;2.627841;;0;960.943182;34.596667;27.898571;21.624138;39.133333;;
82753;30/11/2002;0000;3.186518;6.8;;287.2;3.633333;1;1.5;960.303333;35.253333;28.763333;22.8;39.25;;
82753;31/12/2002;0000;2.690813;9.25992;;243.5;5.026882;10;161.2;960.182796;34.283871;28.252903;23.267742;51.306452;;
82753;31/01/2003;0000;2.375568;6.6;150.755803;231.4;5.430556;8;71.7;960.54;32.903571;27.2032;22.553571;58.931034;;
82753;28/02/2003;0000;2.43253;5.3;130.568646;153.6;6.963855;11;42.5;960.713253;31.567857;26.095;21.985714;64.223214;;
82753;31/03/2003;0000;2.254839;4.3;141.93417;216;5.623656;7;151.9;960.295699;31.474194;25.839355;21.558065;67.306452;;
82753;30/04/2003;0000;2.446667;4.6;133.684929;254.2;4.855556;5;29.2;961.033333;31.226667;25.441333;21.003333;65.908333;;
82753;31/05/2003;0000;2.411828;5.3;135.311392;203.4;5.172043;5;28.9;961.907609;31.219355;25.172903;20.709677;65.290323;;
82753;30/06/2003;0000;3.183333;5;129.810864;229.2;4.3;1;0.3;962.564444;30.886667;25.011333;20.303333;54.35;;
82753;31/07/2003;0000;3.167742;5.8;130.702265;222.2;4.612903;8;7.1;965.432258;29.948387;23.803871;18.670968;58.419355;;
82753;31/08/2003;0000;2.795161;5.5;138.254924;279.3;3.645161;1;4.5;964.760656;32.041935;25.63871;20.074194;52.185185;;
82753;30/09/2003;0000;3.24;6.3;;274.8;2.983051;0;0;963.863333;33.023333;26.533333;20.486667;45.96;;
82753;31/10/2003;0000;3.317742;6;;276.8;3.290323;0;0;961.701613;34.025806;27.634839;21.922581;44.142857;;
82753;30/11/2003;0000;2.975;5.8;;263.6;4.333333;2;8.4;960.115;34.806667;28.647333;23.006667;54.666667;;
82753;31/12/2003;0000;2.577049;5.1;;274.4;4.241935;3;8.8;960.064516;35.548387;29.59871;23.948387;50.966667;;
82753;29/02/2004;0000;1.832279;5;;188.5;6.155172;12;260.9;961.324138;29.448276;24.924828;21.358621;84.068966;;
82753;31/03/2004;0000;1.959677;5.5;;248.9;5.387097;3;13.3;960.782258;30.654839;25.359355;21.312903;79.833333;;
82753;30/04/2004;0000;2.351667;5.3;;196.2;5.4;5;11.2;961.298333;32.253333;25.976;21.496667;75.1;;
82753;31/05/2004;0000;2.375806;5.1;;210.5;6;9;55.5;962.867213;30.803226;25.120645;20.76129;75.258065;;
82753;30/06/2004;0000;2.866667;5.3;;159.8;5.833333;5;3.2;965.461667;29.133333;23.748276;19.293103;73;;
82753;31/07/2004;0000;3.166129;6.6;;193.5;5.016129;1;0.3;964.593548;29.551613;23.845161;19.296774;67.225806;;
82753;31/08/2004;0000;3.330645;6.3;;231.9;4.096774;4;1.4;965.41129;31.106452;24.86129;19.567742;60.870968;;
82753;30/09/2004;0000;3.33;5.6;;249.7;3.416667;0;0;963.771667;31.956667;25.694;20.29;55.966667;;
82753;31/10/2004;0000;2.73319;6;;304.1;3.080645;0;0;961.059016;34.5;28.214839;22.367742;52.241379;;
82753;30/11/2004;0000;3.02;6.1;;262.1;3.033333;4;21.4;959.258333;34.796667;28.491333;22.816667;51.965517;;
82753;31/12/2004;0000;2.48871;7.8;;269.3;3.564516;5;36.3;959.804918;34.670968;28.741935;23.358065;55.266667;;
82753;31/01/2005;0000;1.845902;5.1;;218.1;5.580645;10;210.1;959.824194;32.1;26.690323;22.606452;74.533333;;
82753;28/02/2005;0000;1.992857;5;;195.4;6.071429;10;7.9;959.848214;32.007143;26.550714;22.35;74.321429;;
82753;31/03/2005;0000;1.704918;3.8;;170;6.677419;18;279.1;960.956452;31.629032;26.28129;22.345161;79.333333;;
82753;30/04/2005;0000;2.178333;4.8;;211.9;5.383333;8;23.5;961.588333;30.706667;25.262;21.563333;81.366667;;
82753;31/05/2005;0000;2.345161;4.8;;152.4;7.016129;16;84.4;962.6;29.019355;24.097419;20.829032;85.258065;;
82753;31/07/2005;0000;3.340984;5.6;;208.8;5.639344;7;5.2;966;29.280645;23.167097;18.816129;69.580645;;
82753;31/08/2005;0000;3.580328;5.3;;225.1;4.741935;7;9;965.130645;30.66129;24.39871;19.277419;60.516129;;
82753;30/09/2005;0000;3.128333;6.1;;262.6;3.066667;2;0.9;963.616667;33.183333;26.558667;20.666667;48.866667;;
82753;31/10/2005;0000;3.006452;6.6;;312;2.274194;1;1.7;961.769355;34.951613;28.044516;21.96129;43.866667;;
82753;30/11/2005;0000;2.593333;9;;273.9;3.15;3;176.9;959.613333;34.883333;28.617333;22.926667;49.266667;;
82753;31/12/2005;0000;1.972581;5;;257.2;4.868852;6;187.9;959.495082;31.419355;25.982;21.706667;70.133333;;
82753;31/01/2006;0000;2.375806;5;;272.5;4.112903;0;0;959.798387;33.787097;27.33871;22.093548;55.83871;;
82753;28/02/2006;0000;2.041071;5.8;;163.3;6.375;11;139.6;960.073214;31.878571;26.350714;22.171429;73.535714;;
82753;31/03/2006;0000;1.887097;5;;188.8;5.870968;12;142.8;960.862903;30.787097;25.456774;21.806452;81.903226;;
82753;30/04/2006;0000;1.663333;4;;161;6.666667;19;147.3;960.868333;29.006667;24.451333;21.596667;87.793103;;
82753;30/06/2006;0000;3.041907;7.5;122.357367;143.2;7.15;10;11.9;964.681667;28.603333;22.891333;19.12;79.133333;;
82753;31/07/2006;0000;3.195161;6.6;127.007144;176.1;6.064516;13;34.4;965.585484;28.693548;22.716774;18.416129;74.322581;;
82753;31/08/2006;0000;3.469355;6.8;133.445352;284.8;3.532258;1;2.8;964.61129;31.2;24.448387;18.725806;56.741935;;
82753;30/09/2006;0000;3.433333;7.3;137.385058;273.2;3.066667;0;0;963.73;33.266667;26.352;20.213333;52.4;;
82753;31/10/2006;0000;2.974892;6.6;150.17924;280.7;4.399194;4;12.9;960.985484;34.835484;28.183871;22.254839;51;;
82753;30/11/2006;0000;2.731667;6.6;148.181675;272.6;4;4;27.2;959.793333;34.893333;28.286667;22.876667;53.275862;;
82753;31/12/2006;0000;2.497619;5.5;;;3.477273;1;0.5;960.502273;35.590909;29.464545;23.990909;47.181818;;
82753;31/01/2007;0000;2.644247;6.6;159.136202;274.1;4.084677;2;18.9;960.391935;35.687097;29.428387;23.93871;50.645161;;
82753;28/02/2007;0000;1.903571;4.6;127.779006;158.2;7.232143;16;404.3;961.316071;30.335714;25.247143;21.803571;80.428571;;
82753;31/03/2007;0000;2.498405;4.8;136.583894;199.6;6.435484;13;118.3;961.420968;29.148387;24.543226;21.106452;81.633333;;
82753;30/04/2007;0000;2.22623;4.3;133.686568;212.7;5.065574;5;5.5;961.491803;31.6;25.494;20.936667;73.825;;
82753;31/05/2007;0000;3.639683;6.1;134.212111;206.3;6.587302;12;110.9;961.479365;31.041935;24.925333;20.416129;;;
82753;30/06/2007;0000;4.011667;6.1;123.128765;170.5;6.283333;6;4.8;963.605;28.4;23.058;19.34;;;
82753;31/07/2007;0000;3.91129;5.5;130.010895;211.7;5.080645;2;2;963.520968;30.141935;;;;;
82753;30/09/2007;0000;4.928333;8;131.887568;248.3;4.9;4;2.6;963.555;31.46;;;;;
82753;31/10/2007;0000;4.13871;6.3;147.479483;286.5;4.016129;0;0;960.358065;33.983871;;;;;
82753;30/11/2007;0000;3.638333;6.6;;280.1;4.033333;1;3.4;958.48;35.156667;;;;;
82753;31/12/2007;0000;3.406452;6;;267.2;5.790323;3;19.4;958.73871;34.322581;;;;;
82753;31/01/2008;0000;3.2;5.5;;207.9;6.629032;4;29;958.748387;33.43871;;;;;
82753;29/02/2008;0000;2.8;5;134.15589;197.1;6.413793;7;96.4;960.234483;30.927586;;;;;
82753;31/03/2008;0000;2.316129;5.1;134.191255;168.5;7.741935;18;272.3;959.409677;29.896774;;;;;
82753;30/04/2008;0000;2.441667;6;129.258028;195.5;7.266667;15;107.8;959.225;28.92;;;;;
82753;31/05/2008;0000;3.090323;5.3;128.969605;162.4;7.177419;13;22.9;961.406452;28.229032;;;;;
82753;30/06/2008;0000;4.155;6.3;122.7976;184;6.616667;2;0.2;963.041667;28.753333;;;;;
82753;31/07/2008;0000;4.170968;7.1;125.969996;172.8;6.725806;8;17.2;964.316129;28.26129;;;;;
82753;31/08/2008;0000;4.332258;6.8;133.148054;240.9;5.758065;1;0.8;962.369355;30.632258;;;;;
82753;31/10/2008;0000;4.33871;6.6;148.724244;293.4;4.225806;0;0;961.041935;33.980645;;;;;
82753;30/11/2008;0000;3.426667;5.5;152.386544;262.2;4.233333;2;1.5;958.29;35.856667;;;;;
82753;31/12/2008;0000;2.867742;5.3;152.182801;224.6;6.354839;6;53.6;958.522581;33.541935;;;;;
82753;31/01/2009;0000;3.087097;5.8;150.605693;234.8;6.403226;7;100.3;959.674194;33.025806;;;;;
82753;28/02/2009;0000;2.807143;5;128.821676;153.5;7.946429;9;127.8;959.3125;30.707143;;;;;
82753;31/03/2009;0000;2.112903;4.6;140.819157;227.7;6.983871;7;203.1;958.983871;30.787097;;;;;
82753;30/04/2009;0000;2.398333;4.6;129.664754;156.5;8.15;15;241.6;960.316667;29.243333;;;;;
82753;31/05/2009;0000;2.779032;6;128.510522;124.8;8.241935;19;88.2;961.103226;27.680645;;;;;
82753;30/06/2009;0000;3.621667;5.6;;172.5;7.133333;7;17.8;962.9;28.11;;;;;
82753;31/07/2009;0000;3.107383;6.3;129.51434;208.6;5.013441;9;9.7;963.42043;29.780645;23.526452;19.480645;66.919355;;
82753;31/08/2009;0000;3.512903;6;134.5686;224.9;4.467391;4;7.3;962.984946;31.216129;24.723871;20.16129;59.169355;;
82753;30/09/2009;0000;3;5.8;140.248412;282.3;2.433333;0;0;963.455;34.203333;27.245333;21.13;49.166667;;
82753;31/10/2009;0000;2.614943;5.5;150.161881;273.7;4.517241;6;38.7;959.627586;34.525806;28.089032;22.803226;50.83871;;
82753;30/11/2009;0000;3.006667;7;149.690943;293.4;3.655556;4;11.9;958.721111;35.12;28.707333;23.013333;44.933333;;
82753;31/12/2009;0000;2.622581;6;151.008548;204.9;6.795699;10;178.4;959.445161;33.106452;27.387097;22.819355;57.145161;;
82753;31/01/2010;0000;2.1;4.8;143.197714;225.5;5.44086;11;179.7;959.946237;30.612903;25.312903;21.406452;73.540323;;
82753;28/02/2010;0000;2.764286;5.8;133.97284;198.8;5.595238;8;21.6;959.417857;33.125;27.032143;22.732143;64.446429;;
82753;31/03/2010;0000;2.231522;5.5;149.009974;245.6;5.053763;8;107.4;959.323656;34.041935;27.716129;23.103226;62.572581;;
82753;30/04/2010;0000;2.368889;5.3;133.622752;207.3;5.8;15;249.5;960.12;30.333333;25.403333;22.196667;77.333333;;
82753;31/05/2010;0000;2.358065;5.6;136.223579;231.8;4.774194;4;0.9;960.582796;31.83871;25.534194;21.125806;66.556452;;
82753;30/06/2010;0000;3.233333;6.1;126.65023;143.6;6.277778;9;19.3;963.547778;29.496667;23.996;20.406667;69.175;;
82753;31/07/2010;0000;3.839785;7.5;131.635101;190.7;5.989247;5;6.3;963.663441;29.764516;24.02;19.680645;60.5;;
82753;31/08/2010;0000;3.919355;6.6;132.669873;247.6;3.913978;3;2.2;963.875269;30.490323;24.274194;19.583871;54.540323;;
82753;30/09/2010;0000;4.042222;7.8;134.062272;240.8;3.833333;4;3.8;962.134444;32.05;25.48;20.203333;50.641667;;
82753;31/10/2010;0000;2.88172;6.1;149.773935;269;3.55914;4;36;959.8;34.422581;27.911613;22.429032;49.322581;;
82753;30/11/2010;0000;2.818889;5.8;150.42844;301.1;3.855556;0;0;957.967778;35.313333;28.95;23.236667;44.458333;;
82753;31/12/2010;0000;2.169892;6;146.274098;190.5;6.225806;13;111.9;957.641935;31.651613;26.254839;22.316129;66.08871;;
82753;31/01/2011;0000;2.249462;5;145.182677;221.2;6.043011;8;81.9;958.304301;31.4;25.705806;21.480645;66.701613;;
82753;28/02/2011;0000;2.541667;6.3;129.094691;157.1;6.940476;11;95.7;959.147619;31.55;25.988571;22.103571;70.080357;;
82753;31/03/2011;0000;1.836559;4.5;139.975295;236;5.795699;16;135.3;958.963441;30.996774;25.45;21.696774;76.467742;;
82753;30/04/2011;0000;2.226667;4.6;131.459734;210.5;6.122222;11;88.1;959.756667;30.52;24.926;21.61;75.366667;;
82753;31/05/2011;0000;2.83871;6.3;129.964083;167.5;7.139785;8;167.7;961.146237;28.225806;23.679355;20.558065;78.016129;;
82753;30/06/2011;0000;2.791111;5.6;123.4745;197.6;5.244444;6;11.9;962.6;29.183333;23.165333;19.203333;70.066667;;
82753;31/07/2011;0000;3.447312;7.5;129.058687;204.4;6.16129;6;11.2;963.101075;29.358065;23.380645;18.883871;62.846774;;
82753;31/08/2011;0000;3.372043;6.6;134.875996;289.7;3.602151;4;26.4;963.010753;31.512903;24.800645;19.016129;52.75;;
82753;30/09/2011;0000;3.817778;7.3;133.013527;232.1;4.1;1;2.3;963.514444;31.576667;25.160667;20;52.15;;
82753;31/10/2011;0000;2.836559;6;147.45944;271.4;4.623656;3;59.1;959.160215;33.625806;27.469032;22.087097;54.927419;;
82753;30/11/2011;0000;2.771111;6.1;143.587719;217.9;6.444444;4;55.1;959.106667;32.836667;27.144;22.46;59.533333;;
82753;31/12/2011;0000;2.693548;5.6;152.577695;268.9;4.645161;4;44.2;958.85914;34.009677;27.746452;22.825806;55.645161;;
82753;31/01/2012;0000;2.807527;6.6;150.614089;206.6;6.311828;6;53.2;959.282796;33.003226;27.232903;22.83871;59.556452;;
82753;29/02/2012;0000;2.668966;5.6;135.864841;201.1;6.54023;5;76.1;959.495402;31.855172;26.228966;22.037931;63.603448;;
82753;31/03/2012;0000;2.733954;5.1;146.248139;255.4;5.169355;6;14.9;959.741935;33.329032;27.195333;22.377419;57.145161;;
82753;30/04/2012;0000;2.585716;5.6;140.912491;268.8;4.311111;2;3.6;959.803333;34.09;27.588;22.29;53.3;;
82753;31/05/2012;0000;3;5.8;140.779753;257.3;4.580645;2;3.4;961.494624;32.493548;26.720645;21.777419;53;;
82753;30/06/2012;0000;3.322222;6.6;132.474404;250.4;3.933333;0;0;962.89;31.483333;25.753793;21.2;53.191667;;
82753;31/07/2012;0000;4.075269;6.3;132.690794;221.7;5.172043;7;12.6;963.646237;29.948387;24.448387;19.764516;55.758065;;
82753;31/08/2012;0000;4.435484;7.3;133.09309;239.9;4.236559;1;2.2;964.772043;30.332258;24.348387;19.451613;51.016129;;
82753;30/09/2012;0000;3.942222;7.5;137.132095;276;2.777778;1;1.4;963.517778;32.573333;26.45;20.383333;43.116667;;
82753;31/10/2012;0000;3.682796;6.6;148.318409;293.5;3.380435;1;0.5;960.527174;33.693548;27.630968;21.296774;43.653226;;
82753;30/11/2012;0000;2.634444;7.5;151.975957;234.7;5.111111;5;25.3;958.477778;35.12;29.273793;24.266667;47.566667;;
82753;31/12/2012;0000;2.348387;5;158.086117;258.3;5.731183;2;6.7;958.454839;34.532258;29.206;24.270968;47.330645;;
82753;31/01/2013;0000;2.690217;9.3;152.48713;202.7;7.010753;11;141.3;959.68172;32.967742;27.71871;23.606452;59.290323;;
82753;28/02/2013;0000;2.470238;5.5;139.997907;229.1;5.464286;1;1.1;959.017857;34.196429;28.747857;24.010714;48.482143;;
82753;31/03/2013;0000;2.725806;5.5;152.186246;239.9;5.602151;;49.9;959.48172;34.374194;28.765161;24.158065;54.846774;;
82753;30/04/2013;0000;2.652222;5.5;138.460748;189.8;6.655556;;89;960.462222;32.026667;26.915333;23.206667;64.266667;;
82753;31/05/2013;0000;3.019355;6.3;140.401738;215.8;5.634409;;13.3;961.483871;32.016129;26.701935;22.303226;56.927419;;
82753;30/06/2013;0000;3.312222;6.6;133.769726;225.3;4.811111;;1.5;962.294444;31.57;26.192667;21.976667;54.075;;
82753;31/07/2013;0000;3.596774;6.3;133.37127;205.2;4.903226;;30.5;963.715054;29.86129;24.622581;20.406452;57.653226;;
82753;31/08/2013;0000;3.953763;6.6;136.690634;266.1;3.817204;;0.3;963.044086;30.774194;25.306452;20.467742;51.935484;;
82753;30/09/2013;0000;3.775556;7.5;139.204425;267.1;3.344444;;0;962.15;32.983333;26.942;21.556667;47.266667;;
82753;31/10/2013;0000;3.446237;6.8;150.145506;280.6;4.119565;;0.4;960.743011;34.164516;28.173548;22.919355;46.241935;;
82753;30/11/2013;0000;3.108259;6.3;148.893283;209.3;5.955556;;2.7;958.838889;33.663333;28.503333;23.65;49.383333;;
82753;31/12/2013;0000;2.643011;5.5;152.948072;221.6;5.666667;;97.4;959.054839;33.477419;27.894194;23.635484;57.983871;;
82753;31/01/2014;0000;2.949462;5.5;152.820698;266.9;5.505376;;29.2;960.062366;33.187097;27.839355;23.548387;55.629032;;
82753;28/02/2014;0000;2.797619;5.8;132.441584;162.4;6.738095;;135.9;959.469048;31.275;26.64;22.789286;65.517857;;
82753;31/03/2014;0000;2.253763;5.1;141.688901;198;6.096774;;107.7;960.110753;31.125806;25.961935;22.554839;71.5;;
82753;30/04/2014;0000;2.29;5;134.500295;181.9;6.5;;78.7;960.72;31.073333;25.814;22.093333;71.591667;;
82753;31/05/2014;0000;2.691398;5.8;133.837861;196.6;6.290323;;25.6;961.567742;29.977419;24.890323;21.087097;68.862903;;
82753;30/06/2014;0000;3.164444;5.6;129.548205;190;5.588889;;5.7;962.86;30.203333;25.011333;20.843333;59.183333;;
82753;31/07/2014;0000;3.904348;7.3;133.680838;229.1;5.076087;;7.3;964.933696;30.116129;24.691613;20.290323;55.427419;;
82753;31/08/2014;0000;3.945161;8.1;135.192918;273.4;3.784946;;0.4;964.180645;30.629032;24.950323;20.145161;50.733871;;
82753;30/09/2014;0000;3.564444;7.5;139.902192;266.8;3.888889;;0.7;962.562222;33.146667;27.060667;21.536667;45.425;;
82753;31/10/2014;0000;3.701075;6.3;148.21975;252.7;5.075269;;11.1;961.449462;33.345161;27.625161;22.448387;46.379032;;
82753;30/11/2014;0000;2.976667;6.1;147.375041;244.4;5.322222;;23.3;959.625556;33.55;28.142667;23.363333;51.541667;;
82753;31/12/2014;0000;2.698925;5.8;150.601651;248.8;5.462366;;99.2;960.207527;32.780645;27.170667;22.912903;57.8;;
82753;31/01/2015;0000;2.764516;6.1;153.91538;267.4;5.612903;;8.1;960.712903;33.948387;28.142581;23.422581;49.951613;;
82753;28/02/2015;0000;2.607143;5.5;135.838446;186.5;6.821429;;99;960.19881;33.214286;27.657143;23.375;57.964286;;
82753;31/03/2015;0000;2.34086;5.4;143.93493;229;6.462366;;214.2;960.150538;31.703226;26.443226;22.783871;69.66129;;
82753;30/04/2015;0000;2.09;4.5;135.191139;259;4.844444;;56;960.53;31.683333;25.982667;22.023333;70.008333;;
82753;31/05/2015;0000;2.190323;5;136.378643;229.5;6.311828;;115.2;961.866667;30.925806;25.496774;21.770968;70.532258;;
82753;30/06/2015;0000;3.273333;6.6;128.812313;189.3;5.877778;;6;963.86;30.123333;24.790345;20.96;63.775;;
82753;31/07/2015;0000;3.768817;7;133.258083;194.1;5.935484;;23;964.084946;29.987097;24.656774;20.612903;59.822581;;
82753;31/08/2015;0000;3.547312;6.3;136.271518;280.6;3.473118;;1.1;963.626882;31.383871;25.28;20.264516;47.701613;;
82753;30/09/2015;0000;3.023596;5.5;141.673548;288.3;2.588889;;0.1;961.951111;34.106667;27.543333;21.63;43.783333;;
82753;31/10/2015;0000;2.670968;5.6;152.046981;315.2;2.83871;;0.3;961.155914;34.748387;28.689032;22.987097;42.145161;;
82753;30/11/2015;0000;2.505979;5.1444;155.997738;319.4;3.180556;;0;958.92;36.633333;30.318;24.276667;37.5;;
82753;31/12/2015;0000;3.114599;5.65884;159.941047;290;4.728261;;2.7;960.570652;35.229032;29.492414;24.593333;43.266129;;