Estacao;Data;Hora;VelocidadeVentoMedia;VelocidadeVentoMaximaMedia;EvapoBHPotencial;InsolacaoTotal;NebulosidadeMedia;NumDiasPrecipitacao;PrecipitacaoTotal;PressaoMedia;TempMaximaMedia;TempCompensadaMedia;TempMinimaMedia;UmidadeRelativaMedia;VisibilidadeMedia;
82983;31/01/1999;0000;2.717568;8;;235;5.364865;;88.9;966.652703;33.619355;28.72;24.141935;;;
82983;28/02/1999;0000;3.034524;5;;241.5;6.047619;;33.8;967.763095;34.442857;28.873571;24.164286;48.830357;;
82983;31/03/1999;0000;2.652688;5;;238.9;5.989247;;167.1;967.252688;32.267742;27.307097;23.196774;58.967742;;
82983;30/04/1999;0000;3.248889;5;;272.5;5.488889;;0;969.081111;33.283333;28.268667;23.75;48.683333;;
82983;31/05/1999;0000;3.382796;5;;222.2;5.376344;;4.2;969.955914;31.648387;26.559355;22.496774;54.83871;;
82983;30/06/1999;0000;3.651111;6.6;;246.9;4.388889;;1.6;971.047778;30.8;25.583333;21.123333;54.941667;;
82983;31/07/1999;0000;4.071084;6.6;;260.2;4.253012;;0.8;973.66506;30.325806;24.782581;20.064516;53.130952;;
82983;31/08/1999;0000;4.230682;5.8;;252.2;4.545455;;4.6;973.581818;29.496774;24.017419;19.651613;56.307692;;
82983;30/09/1999;0000;3.824444;5;;270.3;3.677778;;11.4;971.252222;31.613333;25.93;20.9;50.366667;;
82983;31/10/1999;0000;3.652688;5;;245.1;4.731183;;6.2;970.452688;32.670968;27.039355;22.06129;50.016129;;
82983;30/11/1999;0000;3.222989;6.6;;187.9;6.413793;;164.9;968.789655;32.88;27.310667;22.8;54.527778;;
82983;31/12/1999;0000;2.663636;5;;209.9;6.484848;;111.7;968.983333;31.370968;26.818065;22.996552;;;
82983;31/01/2000;0000;2.519737;5;;234.7;5.934211;10;76.6;969.227632;31.545161;26.728387;23.051613;;;
82983;29/02/2000;0000;2.583784;5;;227.1;6.554054;14;170.4;969.881081;31.282759;26.361379;22.551724;67.078125;;
82983;31/03/2000;0000;2.627957;5;;212.3;6.451613;7;57.3;969.4;31.241935;26.530323;22.72;63.169355;;
82983;30/04/2000;0000;3.09;5.3;;231.4;6.666667;7;67.2;970.367778;31.736667;26.658;22.79;62.25;;
82983;31/05/2000;0000;3.308602;9;;248.8;5.516129;2;12.6;971.688172;31.416129;26.196129;22.054839;58.225806;;
82983;30/06/2000;0000;3.688889;5;;203.6;5.311111;2;8.2;973.373333;29.88;24.876;21.21;60.883333;;
82983;31/07/2000;0000;3.5125;5;;266.1;3.8875;1;0.4;973.4975;30.077419;24.629032;20.196774;53.833333;;
82983;31/08/2000;0000;3.83956;5;;256;4.648352;0;0;973.738462;30.932258;25.42;20.8;;;
82983;30/09/2000;0000;4.007778;6.3;;261;4.404494;2;3;972.058427;32.203333;;21.67931;;;
82983;31/10/2000;0000;3.498925;5;;301.7;4.021739;2;6.6;971.348387;34.125806;28.267692;22.716129;40.927419;;
82983;30/11/2000;0000;2.963889;5;;243.1;5.753247;8;125.3;968.957143;32.126667;;23.023333;;;
82983;31/12/2000;0000;2.920339;5;;236.6;5.202899;7;109.7;970.575362;32.232143;27.308889;22.996774;;;
82983;31/01/2001;0000;3.160976;5;;290.2;5.209302;3;9.6;970.973256;33.064516;27.3325;22.86129;56.604167;;
82983;28/02/2001;0000;2.975714;5;;200.5;6.460526;7;70.7;969.360526;33.696429;28.168182;23.682143;;;
82983;31/03/2001;0000;2.729348;5;;221.5;6.83871;11;107;970.16129;32.906452;27.596774;23.177419;58.629032;;
82983;30/04/2001;0000;3.184444;5;;244.4;5.988889;2;0.4;970.804444;32.893333;27.573103;22.903333;;;
82983;31/05/2001;0000;2.841772;5;;234.8;4.253165;1;0.4;970.924051;33.753846;28.353636;23.473077;;;
82983;30/06/2001;0000;3.637079;5;;202.2;5.866667;9;41.3;973.777778;29.543333;24.8288;20.946667;62.931034;;
82983;31/07/2001;0000;3.772727;6.6;;244.5;5.693182;3;7.2;974.18046;29.625806;24.56;20.345161;61.14;;
82983;31/08/2001;0000;4.251807;6.6;;232.7;5.096386;2;1.2;975.981928;29.741935;24.4944;19.922581;57.702381;;
82983;30/09/2001;0000;3.685556;6.6;;259.8;3.566667;1;20.8;972.078889;32.653333;26.704286;21.616667;;;
82983;31/10/2001;0000;3.519355;6.6;;286.1;3.688172;0;0;970.630108;34.358065;28.467097;22.964516;49.008065;;
82983;30/11/2001;0000;3.2;5;;270.5;3.9;1;1.8;968.468889;35.326667;29.587333;23.97;43.041667;;
82983;31/12/2001;0000;3.484286;5;;254.2;6.027778;6;67.2;969.480556;34.3;28.730323;23.948387;;;
82983;31/01/2002;0000;2.6875;5;;179.4;7.273973;19;256.4;970.776712;30.141935;25.680645;22.390323;;;
82983;28/02/2002;0000;3.194048;5;;249.9;5.488095;4;38.3;970.265476;32.471429;27.194074;23.053571;58.428571;;
82983;31/03/2002;0000;3.265591;5;;251.1;6.032258;2;4.2;969.826882;33.593548;28.38129;23.819355;50.677419;;
82983;30/04/2002;0000;3.293333;5.8;;249.2;6.055556;4;20.3;969.631111;32.943333;27.673103;23.196667;52.2;;
82983;31/05/2002;0000;3.346237;5.8;;258.6;4.860215;4;10.3;971.264516;32.19;26.700645;22.441935;55.16129;;
82983;30/06/2002;0000;3.731111;5;;215.3;5.933333;3;2.6;973.987778;30.2;25.294483;21.286667;57.733333;;
82983;31/07/2002;0000;3.578495;5.8;;242.7;4.397849;2;1.6;974.258065;30.632258;25.292;21.046667;56.612903;;
82983;31/08/2002;0000;3.826882;5.3;;275.5;4.763441;0;0;974.069892;31.074194;25.574839;20.632258;50.275;;
82983;30/09/2002;0000;3.5;6.6;;269.1;3.977528;2;1.6;971.814444;33.406667;27.296;21.983333;47.141667;;
82983;31/10/2002;0000;3.621505;6.6;;310.1;3.741935;0;0;970.226882;34.706452;28.636774;22.86129;39.491935;;
82983;30/11/2002;0000;3.376667;9.7;;282.3;4.277778;3;11.7;969.831111;35.216667;29.282;23.856667;42.7;;
82983;31/12/2002;0000;2.5375;5.8;;242.2;4.958333;6;74.2;970.15;34.129032;28.875484;24.254839;55.524194;;
82983;31/01/2003;0000;2.332258;5;190.280662;275.9;5.44086;10;134.4;969.682796;34.458065;28.505806;24.032258;56.782258;;
82983;28/02/2003;0000;3;5.8;158.218402;225.3;5.988095;4;1.6;969.922619;33.317857;28.126429;23.928571;54.107143;;
82983;31/03/2003;0000;2.864516;5.3;180.882741;242.7;6.247312;6;101.4;969.469892;33.741935;28.402581;23.948387;54.540323;;
82983;30/04/2003;0000;2.793333;5;162.531;277.2;5.066667;3;43.9;970.065556;33.226667;28.069333;23.773333;54.658333;;
82983;31/05/2003;0000;3.191209;5.5;133.144975;221.5;5.537634;2;0.6;971.602151;31.619355;26.538065;22.916129;60.814516;;
82983;30/06/2003;0000;3.583333;5;109.314545;265;3.483333;0;0;973.831667;30.753333;25.386667;21.266667;64.733333;;
82983;31/07/2003;0000;3.587097;5;93.662634;239.6;3.935484;1;0.8;975.719355;29.341935;24.176129;20.170968;66.258065;;
82983;31/08/2003;0000;3.553226;5;123.685167;295.2;3.532258;1;0.4;974.870968;31.832258;25.823226;20.916129;62.870968;;
82983;30/09/2003;0000;3.525556;5;131.674053;275.4;3.944444;1;3.8;972.504444;32.913333;26.928;21.5;54.641667;;
82983;31/10/2003;0000;3.531183;5;170.033219;290.7;4.322581;1;3.8;970.358065;34.058065;28.108387;22.703226;47.629032;;
82983;30/11/2003;0000;3.186667;5.5;171.746818;261.7;4.733333;2;40.2;969.125556;33.72;28.074667;23.326667;50.708333;;
82983;31/12/2003;0000;2.751613;4.1;173.121637;295.4;4.031746;1;44.6;969.944444;35.519355;29.883226;24.373333;47.193548;;
82983;31/01/2004;0000;2.052688;5.8;161.764953;123.9;7.763441;18;416.8;968.697849;31.593548;26.68;23.206452;69.669355;;
82983;29/02/2004;0000;2.252874;4.1;146.54752;193.5;6.114943;11;138.6;970.06092;31.255172;26.568276;22.972414;67.215517;;
82983;31/03/2004;0000;2.245161;4.1;154.41256;237.8;6.387097;5;73.8;969.529032;31.651613;26.892903;23.135484;64.104839;;
82983;30/04/2004;0000;2.494444;4.1;136.695482;261.6;5.8;2;27.8;970.036667;32.933333;27.598667;23.526667;55;;
82983;31/05/2004;0000;2.936559;5;120.974355;260.2;5.064516;5;17.6;971.722581;31.554839;26.219355;21.954839;57.258065;;
82983;30/06/2004;0000;3.566667;5;99.83649;229.5;5.533333;0;0;974.231111;30.46;25.313333;21.16;54.291667;;
82983;31/07/2004;0000;3.530108;5.8;95.639574;234.7;5.129032;2;0.8;973.589247;29.806452;24.695484;20.4;53.669355;;
82983;31/08/2004;0000;3.523656;5;115.29457;285.1;3.903226;0;0;974.358065;31.064516;25.427097;20.683871;50.104839;;
82983;30/09/2004;0000;3.756667;6.6;133.087428;285.6;4.377778;0;0;972.516667;32.34;26.532;21.073333;44.216667;;
82983;31/10/2004;0000;3.238095;5;192.639444;302.1;4;1;6.6;970.968254;34.445161;28.843871;23.477419;46.16129;;
82983;30/11/2004;0000;3.062222;5;189.844342;269.4;4.933333;1;7;968.907778;34.673333;29.08;23.966667;44.5;;
82983;31/12/2004;0000;2.791398;5;;306.5;5.139785;1;2.4;968.516129;35.206452;29.660645;24.432258;42.120968;;
82983;31/01/2005;0000;2.701075;6.6;;253.5;6.16129;9;35.5;966.925806;34.690323;28.882581;24.303226;52.596774;;
82983;28/02/2005;0000;2.777381;6.1;;205.9;6.642857;7;151;968.47381;33.021429;27.978571;24.05;59.419643;;
82983;31/03/2005;0000;2.548864;4.1;;239.4;5.978495;10;69.2;969.569892;32.451613;27.612258;24.06129;63.870968;;
82983;30/04/2005;0000;2.926966;5.8;;234.4;6.188889;6;29;970.464444;31.966667;26.966667;23.313333;61.791667;;
82983;31/05/2005;0000;3.068478;5;;196;6.397849;8;21.6;971.423656;30.529032;25.811613;22.367742;63.58871;;
82983;30/06/2005;0000;3.497778;5;;228;5.655556;7;19;973.077778;30.38;24.966;21.323333;61.825;;
82983;31/07/2005;0000;3.616129;5;;;5.193548;1;4.4;975.039785;29.664516;24.200645;20.306452;59.016129;;
82983;31/08/2005;0000;3.584946;5;;276.6;4.473118;3;3.8;974.082796;31.167742;25.207742;20.535484;51.66129;;
82983;30/09/2005;0000;3.311667;5;;290.7;3.283333;0;0;973.705;33.48;27.438667;22.146667;48.866667;;
82983;31/10/2005;0000;3.088889;5;;318.7;3.60274;0;0;971.224658;34.967742;28.847742;23.077419;41.443548;;
82983;30/11/2005;0000;2.835955;5;;276.7;4.677778;6;58.8;968.392222;34.793333;28.768;22.913333;43.558333;;
82983;31/12/2005;0000;2.749462;5;;246.1;5.731183;3;16.6;968.288172;33.106452;27.62;23.245161;53.217742;;
82983;31/01/2006;0000;3.151087;5;;316;4.83871;0;0;968.64086;34.932258;29.05871;23.36129;42.193548;;
82983;28/02/2006;0000;2.441463;4.1;;232.2;5.72619;8;29.2;968.433333;34.717857;28.504286;23.817857;54.919643;;
82983;31/03/2006;0000;2.246237;5;;218;7.010753;11;139.9;969.298925;32.525806;27.394194;23.916129;64.806452;;
82983;30/04/2006;0000;2.323596;5;;195.6;6.5;8;51.7;969.304444;30.87;26.558667;23.423333;69.375;;
82983;31/05/2006;0000;2.962366;5;;241.4;6.193548;3;29.4;972.011828;30.964516;25.848387;22.367742;62.564516;;
82983;30/06/2006;0000;3.162074;5;90.300674;173.9;7.033333;5;3.1;973.806667;29.096667;24.122667;20.58;64.591667;;
82983;31/07/2006;0000;3.439785;5;116.66545;223.5;5.430108;4;4.8;974.678495;29.277419;23.803226;19.719355;60.209677;;
82983;31/08/2006;0000;3.547312;5.3;105.624557;285.1;4.311828;2;2.2;973.502151;30.990323;24.846452;19.796774;54.072581;;
82983;30/09/2006;0000;3.415556;5.8;136.675703;276.3;4.577778;1;7;972.441111;32.873333;26.583333;21.023333;49.508333;;
82983;31/10/2006;0000;3.300635;5;173.822493;272.5;4.806452;3;19.1;969.696774;34.196774;28.134194;22.829032;49.846774;;
82983;30/11/2006;0000;2.943358;4.7;154.252127;266.2;5.230556;5;46.7;968.617778;33.62;27.699333;22.496667;54.475;;
82983;31/12/2006;0000;2.920879;5;202.831029;296.3;5.344086;2;37.2;969.345161;34.790323;29.091613;23.570968;46.725806;;
82983;31/01/2007;0000;2.806917;5.8;222.966257;287.6;5.709677;1;0.2;968.973118;35.8;29.855484;23.987097;44.306452;;
82983;28/02/2007;0000;2.354762;5;126.0905;179.5;7.25;12;227.8;969.957143;31.478571;26.577857;22.459259;67.017857;;
82983;31/03/2007;0000;3.037634;4.7;142.673876;244.4;6.903226;2;7.8;970.143011;31.93871;26.71871;22.022581;59.16129;;
82983;30/04/2007;0000;2.784444;5;144.383228;241.6;6.022222;3;77.3;970.198889;32.903333;27.244667;22.143333;54.933333;;
82983;31/05/2007;0000;3.298925;5.1;125.979615;233.3;5.569892;3;0.7;971.38172;31.403226;26.088387;21.348387;59.016129;;
82983;30/06/2007;0000;3.407629;6.7;88.952964;235;4.866667;2;1.9;973.628889;30.39;24.766667;19.716667;56.408333;;
82983;31/07/2007;0000;3.317204;5.7;97.981064;259.6;4.376344;3;3;973.755914;29.880645;24.336774;19.222581;56.016129;;
82983;31/08/2007;0000;3.952688;5.8;96.627414;259.5;4.602151;4;3.3;973.748387;30.083871;24.193548;18.741935;53.532258;;
82983;30/09/2007;0000;3.803185;6.7;118.95926;278.2;4.166667;1;0.3;973.634444;31.633333;25.644;19.606667;48.516667;;
82983;31/10/2007;0000;3.470968;5;162.829537;305.9;4.021505;0;0;970.315054;33.680645;27.609032;20.796774;42.459677;;
82983;30/11/2007;0000;3.146667;5.8;185.01169;295.9;4.655556;3;30.5;968.071111;34.873333;28.742;22.083333;42.916667;;
82983;31/12/2007;0000;2.948387;5;188.01441;302.3;5.322581;2;23.2;968.236559;34.212903;28.465806;22.709677;48.266129;;
82983;31/01/2008;0000;2.907527;5.5;228.422375;276.3;5.623656;2;74.6;968.026882;34.509677;;;42.830645;;
82983;29/02/2008;0000;2.556322;5;147.521295;227.8;5.724138;8;151.2;969.245977;33.12069;27.8704;;54.275862;;
82983;31/03/2008;0000;2.147312;4.2;138.72205;206;7.290323;16;275.2;968.886022;31.364516;26.417419;21.86;66.951613;;
82983;30/04/2008;0000;2.21;4.1;125.908456;232.3;6.766667;7;75.9;968.762222;30.77;26.224;22.33;68.041667;;
82983;31/05/2008;0000;3.14086;5;114.067903;210.5;6.397849;3;3.1;971.082796;30.525806;25.389677;20.887097;62.33871;;
82983;30/06/2008;0000;3.503333;6.7;93.054865;246.8;5.266667;3;5.7;972.998889;29.653333;24.273333;18.98;58.308333;;
82983;31/07/2008;0000;3.509677;7;86.823701;231.1;5.236559;1;0.2;974.462366;28.835484;23.530968;18.367742;58.572581;;
82983;31/08/2008;0000;3.572043;5.3;107.256927;267.1;4.684783;0;0;972.382796;30.93871;24.978065;19.190323;53.33871;;
82983;30/09/2008;0000;3.464444;5;136.778138;279.6;3.633333;0;0;972.151111;32.863333;26.709333;20.05;46.65;;
82983;31/10/2008;0000;3.651314;7;171.695148;303.6;4.408602;0;0;970.890323;34.187097;28.025806;21.045161;41.951613;;
82983;30/11/2008;0000;2.835556;5;209.652875;300.7;4.833333;0;0;967.996667;35.58;29.631333;22.517241;38.183333;;
82983;31/12/2008;0000;2.924541;5;174.027762;264.4;6.47043;6;63.1;968.191398;33.464516;27.939355;22.348387;51.919355;;
82983;31/01/2009;0000;2.823656;5;182.530893;263;6.010753;4;40.4;969.021505;34.167742;28.189677;22.883871;50.443548;;
82983;28/02/2009;0000;2.330793;4.7;134.989342;212.3;7.071429;11;140.4;968.675;32.139286;27.005714;22.132143;62.196429;;
82983;31/03/2009;0000;2.24086;4.1;165.238644;240.9;6.526882;7;145.4;968.165591;33.070968;27.771613;23.993548;61.927419;;
82983;30/04/2009;0000;2.178889;4.3;127.755744;190.1;6.944444;15;181.2;969.844444;30.64;26.454667;23.48;71.85;;
82983;31/05/2009;0000;2.923656;4.7;110.891851;180;8.096774;11;59.3;971.123656;29.077419;25.28;22.658065;70.346774;;
82983;30/06/2009;0000;2.935556;5;100.220045;202.9;6.577778;6;8.1;972.837778;29.573333;24.852;21.466667;65.258333;;
82983;31/07/2009;0000;3.091398;5;108.597578;244.6;5.645161;2;3.4;973.349462;30.293548;25.149677;20.951613;57.612903;;
82983;31/08/2009;0000;3.404301;5;118.559274;281.3;5.150538;3;3.4;972.925806;31.093548;25.612903;21.080645;54.290323;;
82983;30/09/2009;0000;2.962222;5.4;164.596646;297.5;3.611111;0;0;971.802222;34.076667;28.055333;22.496667;43.375;;
82983;31/10/2009;0000;2.469892;4.2;176.077545;258;5.677419;9;106.1;968.995699;33.429032;28.219355;23.506452;52.645161;;
82983;30/11/2009;0000;2.627778;5;194.563885;336.1;4.611111;0;0;968.51;34.58;29.058;23.736667;44.975;;
82983;31/12/2009;0000;2.448913;5;190.424938;227.2;7.247312;9;60;968.883871;33.867742;28.572903;24.216129;51.387097;;
82983;31/01/2010;0000;2.625;4.2;180.195912;262.4;6.290323;7;28.3;969.472043;33.490323;28.172258;23.609677;54.25;;
82983;28/02/2010;0000;2.687952;5;179.669063;229;7.47619;7;28.4;968.890476;34.775;29.124286;24.489286;52.705357;;
82983;31/03/2010;0000;2.586022;5;190.286579;254.4;6.258065;6;26.8;969.052688;34.26129;28.844516;24.670968;56.798387;;
82983;30/04/2010;0000;2.842222;5;142.46633;230.6;6.011111;7;84.2;969.95;32.133333;27.14;23.62;63.725;;
82983;31/05/2010;0000;2.819355;4.5;154.382084;286.5;4.408602;1;9.6;970.395699;32.964516;27.554194;23.058065;54.354839;;
82983;30/06/2010;0000;3;5.8;104.700263;192.9;6.2;7;10.3;973.577778;29.886667;25.110667;21.473333;62.108333;;
82983;31/07/2010;0000;3.245161;4.7;95.091438;237.5;7.075269;5;21.6;973.952688;29.087097;24.18129;20.354839;62.919355;;
82983;31/08/2010;0000;3.467742;9.2;99.563715;290.9;4.516129;0;0;974.125806;30.122581;24.372903;19.845161;54.548387;;
82983;30/09/2010;0000;3.558889;5.3;122.36103;270.1;4.433333;2;4;972.271111;31.813333;25.936667;20.81;49.925;;
82983;31/10/2010;0000;2.889581;5;185.33266;291.2;4.172043;3;54;969.548387;34.232258;28.524516;23.209677;46.403226;;
82983;30/11/2010;0000;2.733333;5;209.555801;328.3;4.755556;1;1.1;967.722222;35.193103;29.590667;23.810345;41.983333;;
82983;31/12/2010;0000;2.363043;4.2;167.30351;237.5;6.301075;8;151.2;967.16129;32.729032;27.589032;23.5;57.919355;;
82983;31/01/2011;0000;2.438043;4.1;166.63804;262;6.075269;6;62.2;967.891398;32.403226;27.533548;23.174194;56.975806;;
82983;28/02/2011;0000;2.303571;4.7;150.17266;228.5;7.166667;7;66.4;968.671429;33.260714;27.805714;23.489286;58.053571;;
82983;31/03/2011;0000;2.205376;14.3;158.844853;243.9;7.462366;12;63.5;968.369892;32.677419;27.486452;23.548387;64.975806;;
82983;30/04/2011;0000;2.743185;4.2;140.487253;270.4;6.405556;10;47;969.363333;32.523333;26.974;22.973333;62.333333;;
82983;31/05/2011;0000;2.952688;5;122.325868;214;7.139785;4;9.4;970.890323;30.706452;25.969677;22.309677;64.419355;;
82983;30/06/2011;0000;3.064444;5;107.543662;239.5;4.766667;0;0;972.52;30.583333;25.281333;21.01;59.016667;;
82983;31/07/2011;0000;3.068817;5;103.686906;248.7;5.365591;0;0;973.060215;29.954839;24.785161;20.222581;55.056452;;
82983;31/08/2011;0000;3.090323;5.3;125.257789;307;3.580645;2;5.8;973.054839;31.722581;26.01871;20.525806;52.379032;;
82983;30/09/2011;0000;3.323333;5.7;129.225401;293.6;3.744444;0;0;973.486667;31.963333;26.262667;20.836667;52.025;;
82983;31/10/2011;0000;2.974194;7.2;171.631344;266.8;5.602151;3;9.4;969.08172;33.445161;27.99871;22.8;55.185484;;
82983;30/11/2011;0000;3.044444;5.2;171.394991;245.4;6.477778;3;8.5;968.977778;33.41;28.149333;23.39;57.083333;;
82983;31/12/2011;0000;2.789247;5.7;205.62811;286.1;5.580645;2;10.7;968.475269;34.719355;29.267742;23.993548;57.524194;;
82983;31/01/2012;0000;2.830108;6.7;204.810199;281.6;6.290323;2;28.9;968.810753;34.467742;29.168387;24.009677;54.201613;;
82983;29/02/2012;0000;2.67931;5;157.610494;246.4;7.091954;6;85.2;969.137931;32.972414;27.776552;22.972414;58.146552;;
82983;31/03/2012;0000;2.73319;4.7;200.172834;317.8;5.301075;1;0.2;969.178495;34.880645;29.263226;23.790323;47.08871;;
82983;30/04/2012;0000;2.880963;5;180.064292;297.2;3.855556;0;0;969.323333;34.356667;28.892667;23.493333;46.133333;;
82983;31/05/2012;0000;2.939785;4.7;148.237431;283.4;4.666667;1;0.4;971.341935;32.348387;27.265161;22.803226;52.709677;;
82983;30/06/2012;0000;3.03;5;123.917027;262.9;4.222222;3;2.3;972.877778;31.52;26.322667;21.6;52.983333;;
82983;31/07/2012;0000;2.989247;5;103.723611;265;5.301075;2;1.2;973.560215;30.122581;24.766;20.276667;57.346774;;
82983;31/08/2012;0000;3.351613;5;103.882517;278.6;4.602151;2;1.8;974.845161;30.316667;24.736129;19.85;52.741935;;
82983;30/09/2012;0000;3.480963;7.7;138.551101;299.2;3.866667;0;0;973.396667;32.703333;26.795333;21.103333;47.133333;;
82983;31/10/2012;0000;3.291398;5;176.282217;317;3.923913;0;0;970.391398;33.83871;28.166452;22.180645;49.056452;;
82983;30/11/2012;0000;2.651111;5;202.347293;237.6;6.6;4;19.3;968.158889;34.733333;29.337333;24.65;53.3;;
82983;31/12/2012;0000;2.696774;5;218.832155;297.3;5.172043;1;1.8;968.160215;35.029032;29.636;24.351613;49.153226;;
82983;31/01/2013;0000;2.380645;5.3;207.38949;232;6.919355;4;30;970.198387;34.390323;29.404516;24.703226;59.129032;;
82983;28/02/2013;0000;2.990476;5;208.56631;287.3;5.345238;0;0;968.586905;35.407143;30.150714;24.589286;45.089286;;
82983;31/03/2013;0000;2.686022;5;226.502352;277.3;5.451613;3;54.8;968.925806;35.36129;30.306452;24.96129;48.008065;;
82983;30/04/2013;0000;2.878889;5;171.234837;241.3;6.788889;5;33.8;970.06;33.3;28.526;24.37;57.133333;;
82983;31/05/2013;0000;3.015054;5;142.443822;233;6.397849;3;1.8;971.424731;32.174194;26.947742;22.919355;59.766129;;
82983;30/06/2013;0000;3.134444;5;123.940166;249.2;4.955556;1;6.8;972.416667;31.02;26.114;22.03;60.55;;
82983;31/07/2013;0000;3.13871;5;114.808815;275.7;5.408602;3;13.6;973.670968;30.483871;25.214194;20.96129;61.258065;;
82983;31/08/2013;0000;3.274194;5;114.99011;270;4.698925;3;4.6;973.082796;30.683871;25.408387;20.648387;57.08871;;
82983;30/09/2013;0000;3.345556;5;146.162603;289.7;3.866667;1;0.4;972.153333;33;27.242;21.583333;50.308333;;
82983;31/10/2013;0000;3.309677;6.3;178.46642;296.2;5.268817;;0;970.666667;34;28.340645;22.909677;48.951613;;
82983;30/11/2013;0000;3.025556;5.8;173.652437;254.9;6.277778;6;33.6;968.576667;33.553333;28.242;22.976667;54.033333;;
82983;31/12/2013;0000;2.177778;4.7;169.545824;221.1;6.31746;16;155;969.836508;32.66129;27.690323;23.448387;68.709677;;
82983;31/01/2014;0000;2.487097;5.8;182.650336;313.8;4.935484;;28.6;970.696774;33.154839;28.308387;23.36129;59.483871;;
82983;28/02/2014;0000;2.885714;6.7;162.446039;227.2;7.214286;;37.5;968.914286;33.382143;28.333571;23.721429;56.321429;;
82983;31/03/2014;0000;2.780645;4.7;188.088028;277.1;6.913978;;56.7;969.332258;33.829032;28.823871;24.212903;60.766129;;
82983;30/04/2014;0000;2.451111;5;150.241763;236.5;6.366667;;179.8;970.113333;31.916667;27.532;23.756667;64.766667;;
82983;31/05/2014;0000;2.696774;5;125.808653;232.2;6.27957;;1.6;971.270968;30.658065;26.100645;22.154839;63.379032;;
82983;30/06/2014;0000;3.178889;5;112.273526;248;5.255556;;1.3;972.881111;30.46;25.472667;21.316667;60.225;;
82983;31/07/2014;0000;3.324731;5.8;103.67643;244.3;6.021505;;26.3;975.046237;29.890323;24.813548;20.596774;60.919355;;
82983;31/08/2014;0000;3.108602;5.8;108.500385;294.7;4.408602;;2.4;974.237634;30.325806;24.929677;20.290323;60.919355;;
82983;30/09/2014;0000;3.277778;5.5;146.162982;295.1;4.155556;;7.2;972.325556;33.003333;27.171333;21.553333;56.166667;;
82983;31/10/2014;0000;3.449462;5.8;169.403331;287.8;5.430108;;0;971.358065;33.23871;27.972414;22.554839;53.693548;;
82983;30/11/2014;0000;2.751111;5.3;178.200301;280;6.188889;;91.4;969.177778;33.783333;28.493333;23.51;60.191667;;
82983;31/12/2014;0000;2.663492;4.7;156.481542;248;6.809524;;47.9;970.980952;32.187097;27.195484;22.987097;67.419355;;
82983;31/01/2015;0000;2.754839;5;192.275772;307.6;4.806452;;12;971.530645;34.216129;28.697419;23.258065;59.580645;;
82983;28/02/2015;0000;2.653571;5.3;164.555133;212.4;7.142857;;34.6;969.795238;34.007143;28.489286;23.871429;62.330357;;
82983;31/03/2015;0000;2.563441;4.7;190.489305;276;6.021505;;27.1;969.493548;34.158065;28.871613;24.064516;59.798387;;
82983;30/04/2015;0000;2.547778;5;166.871796;264.2;4.677778;;78.2;969.9;33.313333;28.268;23.87;65.716667;;
82983;31/05/2015;0000;3.034409;6.7;138.610037;233.7;6.698925;;0.8;971.727957;31.793548;26.825161;23;68.080645;;
82983;30/06/2015;0000;3.274444;5.3;109.098512;236.6;5.888889;;2.4;973.96;30.453333;25.391333;21.673333;67.925;;
82983;31/07/2015;0000;3.248387;5;109.932645;261.9;5.537634;;2.6;974.092473;30.654839;25.255333;20.858065;64.629032;;
82983;31/08/2015;0000;3.390323;5;116.657638;298;3.516129;;0.1;973.635484;31.458065;25.507333;20.446667;59.129032;;
82983;30/09/2015;0000;3.123333;5;162.525428;299;2.777778;;0;971.781111;34.09;28.047333;21.996667;51.108333;;
82983;31/10/2015;0000;3.149462;5.8;195.163019;314.1;3.634409;;13.7;970.953763;34.596774;28.964;23.167742;51.548387;;
82983;30/11/2015;0000;2.689212;5.1444;242.679898;325.2;4.361111;;0;968.643333;36.63;30.986429;24.744828;49.225;;
82983;31/12/2015;0000;3.095073;5.1444;235.453553;317.1;4.118852;;3.6;971.185246;35.867742;30.147333;24.786667;55.516129;;