Estacao;Data;Hora;VelocidadeVentoMedia;VelocidadeVentoMaximaMedia;EvapoBHPotencial;InsolacaoTotal;NebulosidadeMedia;NumDiasPrecipitacao;PrecipitacaoTotal;PressaoMedia;TempMaximaMedia;TempCompensadaMedia;TempMinimaMedia;UmidadeRelativaMedia;VisibilidadeMedia;
82900;31/01/1999;0000;2.987097;5;;257.8;6.129032;10;44.7;;30.987097;27.369677;23.006452;70.830645;;
82900;28/02/1999;0000;3.590476;6.1;;211.6;6.321429;12;18.8;;31.128571;27.812143;24.146429;70.4375;;
82900;31/03/1999;0000;3.051613;6.6;;249.8;6.204301;13;196.9;1010.11828;30.63871;27.417419;23.719355;73.403226;;
82900;30/04/1999;0000;3.083333;5.3;;242.7;5.966667;13;103.4;;30.383333;27.005333;22.753333;73.8;;
82900;31/05/1999;0000;2.407527;6.6;;220.2;6.462366;27;306.1;;29.345161;25.836774;22.454839;81.403226;;
82900;30/06/1999;0000;2.741111;5;;223.2;6.077778;17;125.3;;28.67;25.084667;21.626667;80.4;;
82900;31/07/1999;0000;3.321505;9.2;;205;6.645161;22;259.6;;27.858065;24.295484;20.990323;79.306452;;
82900;31/08/1999;0000;3.211828;6.1;;214;6.645161;25;142.2;;27.503226;23.826452;20.151613;79.177419;;
82900;30/09/1999;0000;3.483333;6.5;;203.7;6.966667;19;72.8;;28.23;25.307333;22.2;75.775;;
82900;31/10/1999;0000;3.165591;6.1;;257.3;6.430108;13;90.3;1013.35914;29.051613;25.858065;22.264516;73.322581;;
82900;30/11/1999;0000;3.195556;5;;257.5;6.344444;11;18.9;;30.176667;26.791333;22.81;71.475;;
82900;31/12/1999;0000;3.517204;6.3;;210.6;6.870968;25;104.9;;30.235484;27.160645;23.848387;73.282258;;
82900;31/01/2000;0000;2.656989;5;;228.8;6.827957;17;276.4;;29.945161;26.725806;22.870968;76.483871;;
82900;29/02/2000;0000;2.868966;5.8;;204.5;6.62069;13;87.9;;30.306897;27.01931;23.237931;76.87069;;
82900;31/03/2000;0000;2.875269;5.6;;221.9;6.526882;23;174.1;;30.316129;27.174839;23.219355;74.854839;;
82900;30/04/2000;0000;2.438889;6.3;;189.8;6.977778;27;435.4;;29.616667;26.374;23.186667;82.875;;
82900;31/05/2000;0000;2.711828;6.6;;205.5;7.107527;22;265.4;1012.15914;29.196774;25.672903;22.287097;82.798387;;
82900;30/06/2000;0000;2.588889;5.8;;133.2;7.755556;26;562.9;;27.93;24.757333;21.973333;86.016667;;
82900;31/07/2000;0000;2.141935;5.6;;121.5;7.83871;29;575;;27.035484;24.045161;21.580645;86.841667;;
82900;31/08/2000;0000;2.443011;5.8;;198;7.064516;21;443.4;;27.558065;24.430968;21.248387;81.104839;;
82900;30/09/2000;0000;2.561628;6;;163;7.322222;27;336.1;;28.216667;25.089333;21.603333;80.358333;;
82900;31/10/2000;0000;3.301136;6.3;;219.5;6.755556;18;58.2;1013.77957;29.112903;26.148387;22.786667;72.983871;;
82900;30/11/2000;0000;2.976667;5.3;;244.8;6.322222;10;45.1;;29.746667;26.425333;22.366667;73.025;;
82900;31/12/2000;0000;2.341935;4.5;;224.3;6.55914;8;99.1;1011.83871;29.33871;26.072903;22.083871;76.524194;;
82900;31/01/2001;0000;3.244086;6.3;;244.5;6.408602;13;58.8;;29.825806;26.59871;22.445161;72.4;;
82900;28/02/2001;0000;3.228571;5;;237.9;6.202381;12;56.5;;30.871429;27.332143;23.157143;72;;
82900;31/03/2001;0000;2.831183;6.6;;211.8;6.225806;19;133.7;;30.4;27.021935;23.16129;76.806452;;
82900;30/04/2001;0000;2.614444;6;;173.3;7.277778;23;327.8;1011.95;29.606667;26.030667;22.606667;81.941667;;
82900;31/05/2001;0000;2.350538;5;;249.9;5.795699;10;59.5;;29.967742;26.212258;21.841935;78.306452;;
82900;30/06/2001;0000;2.492222;5.8;;155.9;7.277778;26;432.4;;28.403333;24.607333;21.52;85.433333;;
82900;31/07/2001;0000;2.709677;6.3;;197;6.860215;31;355.5;;27.809677;24.438065;21.370968;84.024194;;
82900;31/08/2001;0000;3.545161;6.3;;217.2;6.387097;25;211;;27.690323;24.536774;21.370968;78.024194;;
82900;30/09/2001;0000;3.362222;6.6;;217.4;6.666667;16;106.3;;28.38;25.343333;22.07;76.958333;;
82900;31/10/2001;0000;2.917204;5.8;;184.7;6.698925;11;103.7;;29.219355;26.066452;23.258065;78.258065;;
82900;30/11/2001;0000;3.163333;5;;237;6.133333;9;32.1;;30.003333;26.772;23.293333;74.316667;;
82900;31/12/2001;0000;3.668817;5.6;;213.5;6.806452;22;109;;30.164516;27.265161;24.387097;77.685484;;
82900;31/01/2002;0000;2.382796;5;;157;7.387097;23;231.6;;29.606452;26.495484;23.258065;80.887097;;
82900;28/02/2002;0000;2.903571;6.6;;195.2;6.845238;16;199.5;;30.067857;26.88;23.514286;77.767857;;
82900;31/03/2002;0000;2.629032;5;;206;6.774194;25;409.8;;29.819355;26.612903;23.354839;80.879032;;
82900;30/04/2002;0000;2.94;6.6;;194.9;7.022222;23;140.2;;29.833333;26.49;22.986667;80.025;;
82900;31/05/2002;0000;2.924731;5.8;;170.5;6.935484;21;304.2;;29.096774;26.04;23.06129;81.935484;;
82900;30/06/2002;0000;2.722222;5.6;;155.4;7.522222;25;583.5;;27.803333;24.828;22.236667;84.65;;
82900;31/07/2002;0000;2.608602;5.8;;163.5;7.064516;24;282.3;;27.670968;24.525806;21.825806;83.306452;;
82900;31/08/2002;0000;3.553763;6.6;;200.7;6.870968;25;124.2;;27.825806;24.682581;21.158065;77.653226;;
82900;30/09/2002;0000;2.98;5.3;;243.5;5.844444;12;42.5;;28.656667;25.462667;21.426667;72.541667;;
82900;31/10/2002;0000;3.039785;5;;189.1;6.537634;12;49;;29.022581;26.032258;22.767742;74.112903;;
82900;30/11/2002;0000;2.945556;5;;199;6.47191;13;87.7;1013.23;29.74;26.210667;22.543333;75.183333;;
82900;31/12/2002;0000;2.753763;5.3;;242.3;6.268817;10;33.1;;30.693548;27.22;23.506452;74.024194;;
82900;31/01/2003;0000;2.473118;4.5;160.151038;228.6;5.956989;12;53.3;;31.43871;27.337419;22.583871;73.048387;;
82900;28/02/2003;0000;2.640476;5;136.874482;175.1;6.75;21;158.5;1011.925;30.514286;26.907857;23;77.303571;;
82900;31/03/2003;0000;2.030108;4.8;143.522319;197.9;6.677419;25;397.9;;30.364516;26.621935;22.922581;81.532258;;
82900;30/04/2003;0000;2.37;4.5;129.433913;232.7;5.777778;18;116.1;;30.456667;26.667333;22.73;79.208333;;
82900;31/05/2003;0000;2.07957;5;128.246544;212.6;6.010753;19;225.9;;30.012903;26.023226;22.606452;81.951613;;
82900;30/06/2003;0000;1.744444;4.3;97.973126;148.1;6.788889;24;474.5;1014.07;27.986667;24.347333;21.37;85.95;;
82900;31/07/2003;0000;1.911828;5;97.401657;205.9;6.516129;26;282.2;;27.445161;24.004516;21.083871;83.596774;;
82900;31/08/2003;0000;2.030108;7.5;100.134235;234.8;6.010753;24;194.8;;27.825806;24.134194;20.732258;81.322581;;
82900;30/09/2003;0000;2.538889;5;;241;5.933333;18;136;;28.533333;25.139333;21.743333;77.35;;
82900;31/10/2003;0000;2.550538;5.1;;248.9;6.16129;18;52.3;1013.52043;29.483871;26.047097;22.512903;74.330645;;
82900;30/11/2003;0000;2.373333;4.3;;265.8;5.244444;11;26.8;;30.69;26.936;23.256667;72.341667;;
82900;31/12/2003;0000;2.678889;7.3;;266.7;5.548387;16;51.5;;31.306452;27.335484;23.523333;71.919355;;
82900;31/01/2004;0000;1.925843;4.6;;148.2;7.44086;22;249.9;;30.66129;26.876774;23.674194;79.177419;;
82900;29/02/2004;0000;1.896512;4.8;;185.4;6.816092;17;226;;30.675862;26.72069;22.868966;79.189655;;
82900;31/03/2004;0000;2.169892;6;;228.6;6.27957;19;168.8;1011.27957;30.735484;26.917419;23.193548;77.169355;;
82900;30/04/2004;0000;1.915556;4.3;;178.2;6.8;26;378.2;1011.85;30.09;26.345333;22.963333;82;;
82900;31/05/2004;0000;1.466667;4.6;;166.6;7.021505;28;327.7;;29.341935;25.270323;22.23871;86.120968;;
82900;30/06/2004;0000;1.614444;4.5;;92.6;7.955556;27;537.3;;28.293333;24.432;21.727586;88;;
82900;31/07/2004;0000;1.730108;3.8;;149.3;6.814516;24;359.8;;27.890323;23.834839;20.625806;86.08871;;
82900;31/08/2004;0000;1.943478;5;;225.6;6.172043;23;138.9;;28.396774;23.945161;20.012903;82.459677;;
82900;30/09/2004;0000;2.52;4.8;;222.8;6.577778;18;81.1;;28.643333;24.875333;21.173333;78.166667;;
82900;31/10/2004;0000;2.721051;5;;262.3;5.768817;9;33.6;;29.641935;25.987097;22.16129;73.846774;;
82900;30/11/2004;0000;2.802222;5;;255.9;5.688889;6;18.2;;30.55;26.714;22.896667;71.058333;;
82900;31/12/2004;0000;2.829032;5;;285.5;5.623656;9;13.2;;31.032258;27.085806;22.735484;69.419355;;
82900;31/01/2005;0000;2.684946;4.6;;262.9;6.021505;6;14.3;;31.467742;27.631613;23.267742;70.629032;;
82900;28/02/2005;0000;2.457143;4.8;;214.7;6.107143;16;80.4;;31.682143;27.695714;23.85;74.919643;;
82900;31/03/2005;0000;2.403261;4;;239.3;6.391304;13;75.9;;31.864516;28.148387;23.873333;72.591667;;
82900;30/04/2005;0000;2.141111;4.6;;239.1;6.355556;21;168.1;;30.62;27.222667;23.16;78.308333;;
82900;31/05/2005;0000;1.702151;6.5;;161.8;7.430108;25;507.1;;29.5;25.811613;22.341935;86.096774;;
82900;30/06/2005;0000;1.666667;4;;117;7.922222;30;709;;28.366667;24.827333;21.923333;87.483333;;
82900;31/07/2005;0000;2.15914;5.1;;212.8;6.204301;27;182.7;;28.145161;24.245806;20.57;81.709677;;
82900;31/08/2005;0000;1.953763;4.6;;181.1;7.354839;27;290.8;;27.654839;24.145806;20.906452;83.427419;;
82900;30/09/2005;0000;2.663333;5.6;;234.3;6.322222;16;45.3;;28.716667;25.213333;21.436667;76.1;;
82900;31/10/2005;0000;2.683871;5;;277.4;6.193548;12;59.7;;29.674194;25.931613;21.816129;74.024194;;
82900;30/11/2005;0000;2.766667;4.6;;262.1;6.211111;9;8.7;;30.58;26.882;23.255172;70.6;;
82900;31/12/2005;0000;2.696774;5;;232.7;6.548387;15;174.2;;30.1;26.729677;22.913793;73.056452;;
82900;31/01/2006;0000;2.785567;4.3;;251.1;6.586957;11;12.3;;30.609677;27.105806;23.316129;70.540323;;
82900;28/02/2006;0000;2.27619;4.6;;221.9;6.130952;8;32.4;;31.764286;27.691429;23.246429;70.491071;;
82900;31/03/2006;0000;2.14086;5.1;;255.9;5.913978;17;158.2;;31.635484;27.617419;23.012903;74.701613;;
82900;30/04/2006;0000;1.628889;5.3;;193.4;6.488889;22;322.2;;30.603333;26.672667;22.913333;80.541667;;
82900;31/05/2006;0000;1.823656;5.6;;191.9;6.655914;25;338;;29.732258;25.76;22.663333;85.048387;;
82900;30/06/2006;0000;2.278889;8;106.362131;147.4;7.755556;26;432.1;;28.48;25.046667;21.963333;83.533333;;
82900;31/07/2006;0000;2.162366;5;102.977884;190.2;6.653226;26;222.5;;28.422581;24.460645;21.096774;82.475806;;
82900;31/08/2006;0000;2.27957;5;105.842749;199.2;6.623656;21;185.8;;28.377419;24.550968;21.212903;79.75;;
82900;30/09/2006;0000;2.427778;4.6;114.761466;245.5;6.177778;15;79;;29.023333;25.442667;21.783333;75.016667;;
82900;31/10/2006;0000;2.709677;4.5;143.128026;284.8;5.956989;10;8.7;;30.312903;26.650968;22.777419;69.951613;;
82900;30/11/2006;0000;2.88802;5.5;148.001918;274.7;5.678161;10;84.7;;30.776667;27.045517;23.01;71.034483;;
82900;31/12/2006;0000;2.433696;4.6;154.09211;237.9;5.913043;9;106.4;;30.86129;26.986667;22.744828;73.241667;;
82900;31/01/2007;0000;2.162688;4.1;155.495648;256.7;6.327957;16;83.5;;30.867742;27.11871;23.087097;74.983871;;
82900;28/02/2007;0000;2.190476;4.3;142.086237;196.2;6.369048;15;226.7;;31.621429;27.364286;23.217857;75.75;;
82900;31/03/2007;0000;2.149008;4.3;147.190698;228.5;6.908602;19;138.7;1011.55914;30.406452;26.886452;23.254839;78.048387;;
82900;30/04/2007;0000;1.724444;4.1;131.105864;212.4;6.644444;19;347.3;;30.316667;26.340667;22.666667;80.466667;;
82900;31/05/2007;0000;1.568817;4.3;116.981136;205.1;6.612903;20;208.2;;29.683871;25.585161;22.506452;83.854839;;
82900;30/06/2007;0000;1.601111;3.6;103.511767;129.8;7.5;25;390.8;;28.36;24.791333;21.710345;84.483333;;
82900;31/07/2007;0000;1.722581;4;94.69491;191.7;6.548387;26;331;;28.290323;24.049032;20.987097;83.66129;;
82900;31/08/2007;0000;2.22043;5.5;101.540506;196.4;7.419355;26;223.7;1015.77957;27.735484;24.340645;21.619355;81.201613;;
82900;30/09/2007;0000;2.38;5.3;105.814266;207.2;6.811111;19;127.1;;27.716667;24.690667;21.653333;79.466667;;
82900;31/10/2007;0000;2.787097;5;125.73135;231.8;6.473118;16;25.6;;28.948387;25.634194;22.187097;74.064516;;
82900;30/11/2007;0000;2.656667;4.5;138.935472;263.9;5.833333;10;40;;30.216667;26.534;23.146429;71.833333;;
82900;31/12/2007;0000;2.637634;5;156.030748;264.6;6.258065;12;30.6;;30.664516;27.037419;23.45;70.564516;;
82900;31/01/2008;0000;2.382796;4.3;153.563658;213.5;6.290323;13;85.7;;30.358065;27.009032;23.441935;72.604839;;
82900;29/02/2008;0000;2.372414;4.3;156.476426;256.7;5.448276;8;32.3;;31.796552;27.693793;23.003448;69.224138;;
82900;31/03/2008;0000;1.529032;3.8;148.955753;207.8;6.053763;15;395.4;;30.96129;26.972258;23.154839;77.475806;;
82900;30/04/2008;0000;1.255056;3.7;126.058642;211.9;6.382022;21;314.2;;30.436667;26.091034;21.860714;82.206897;;
82900;31/05/2008;0000;1.545161;5.3;118.494113;186.8;6.784946;26;415.7;;29.345161;25.5;21.7;84.185484;;
82900;30/06/2008;0000;1.674444;4.7;96.613477;148.9;7.433333;24;391.8;;28.096667;24.27;21.086667;86.033333;;
82900;31/07/2008;0000;1.956989;5;101.593862;155;7.580645;29;374.3;;27.190323;23.787097;20.8;85.241935;;
82900;31/08/2008;0000;1.804301;4.3;96.051196;173.8;7.107527;27;294.4;1014.46129;27.412903;23.76129;20.480645;84.854839;;
82900;30/09/2008;0000;2.231111;4.2;114.834296;195.2;6.866667;16;47.6;;28.526667;25.328;22.376667;77.975;;
82900;31/10/2008;0000;2.82043;5;134.310087;222.4;6.806452;17;53.6;;29.3;26.174194;23.077419;74.854839;;
82900;30/11/2008;0000;2.73;5.2;144.384511;248.2;5.988889;7;16;;30.476667;26.906667;23.116667;69.291667;;
82900;31/12/2008;0000;2.779116;5;156.042214;241.5;6;6;18.3;;31.090323;27.190968;22.951613;68.83871;;
82900;31/01/2009;0000;2.713978;4.8;159.410885;240;6.247312;7;85.2;1011.54086;31.093548;27.30129;23.045161;70.016129;;
82900;28/02/2009;0000;1.965476;5;128.489691;156.9;7.011905;20;376.1;;29.992857;26.532857;23.051852;78.803571;;
82900;31/03/2009;0000;1.932258;3.3;154.724765;250.4;5.602151;15;142.8;1010.36129;31.16129;27.216129;22.874194;75.790323;;
82900;30/04/2009;0000;1.091011;3.3;131.105864;189.8;6.460674;19;351.8;;30.396667;26.389655;23.096667;83.408333;;
82900;31/05/2009;0000;1.064516;3.6;;154.2;7.311828;27;410.1;;29.432258;25.809677;23.083871;87.685484;;
82900;30/06/2009;0000;1.664444;4.2;106.362131;161;7.377778;22;333;;28.473333;25.046667;22.373333;86.375;;
82900;31/07/2009;0000;1.693478;4.8;102.977884;183.1;7.076087;28;386.8;;28.27;24.587333;22.013333;85.733871;;
82900;31/08/2009;0000;2.153763;5;107.304902;219.2;6.806452;26;290.2;;28.377419;24.623871;21.729032;82.290323;;
82900;30/09/2009;0000;2.26;4.7;119.428981;213.5;6.455556;15;83.5;;28.99;25.636;22.406667;77.616667;;
82900;31/10/2009;0000;2.346739;4.3;137.741762;258.7;5.304348;7;16.3;;30.393548;26.292258;21.829032;71.341667;;
82900;30/11/2009;0000;2.731461;4.5;146.156254;254.3;6;10;49.9;;30.834483;26.97931;23.223333;69.982759;;
82900;31/12/2009;0000;2.445161;7;161.949704;244.1;6.526882;14;47.8;;31.041935;27.372258;23.696774;72.975806;;
82900;31/01/2010;0000;1.817204;4.7;146.004518;157.5;7.056452;22;193.4;;30.112903;26.643226;23.296774;79.435484;;
82900;28/02/2010;0000;2.14746;5;151.080687;193.3;6.696429;14;45.2;;31.296429;27.754286;24.346429;75.973214;;
82900;31/03/2010;0000;1.894624;4.3;166.529274;235;5.677419;10;92.7;1011.17957;32.287097;27.906452;23.367742;75.266129;;
82900;30/04/2010;0000;1.768889;4.5;143.238272;210.7;6.088889;21;273.3;;31.016667;27.031333;23.406667;82.408333;;
82900;31/05/2010;0000;1.593548;4.2;131.600521;224.3;6.043011;17;114.3;;30.332258;26.285806;22.716667;82.967742;;
82900;30/06/2010;0000;1.703333;5;112.227973;180.3;6.622222;23;543.9;;29.116667;25.344;22.62;85.325;;
82900;31/07/2010;0000;1.895699;4.7;101.563292;178.4;6.88172;29;259.4;;28.167742;24.452903;21.52;84.056452;;
82900;31/08/2010;0000;2.06129;5;93.307915;156.9;7.075269;23;191.2;;27.525806;23.706452;20.573333;82.991935;;
82900;30/09/2010;0000;2.665556;5;104.372424;206.4;6.777778;22;74.3;;28.216667;24.976552;21.639286;75.608333;;
82900;31/10/2010;0000;2.477419;5;139.521028;209.6;6.354839;9;37.4;;29.974194;26.34;22.764516;72.701613;;
82900;30/11/2010;0000;2.564444;4.2;149.863936;272.7;5.644444;8;23.5;;30.74;27.056;23.033333;67.8;;
82900;31/12/2010;0000;2.441935;4.7;157.986503;219.9;6.655914;10;84.8;;30.967742;27.114194;22.916129;70.274194;;
82900;31/01/2011;0000;2.135484;4.5;147.869153;192.3;6.83871;19;139.3;;30.409677;26.7;22.970968;74.596774;;
82900;28/02/2011;0000;2.071429;4.5;135.167583;208.8;6.035714;18;336.6;;30.557143;26.917143;22.935714;74.196429;;
82900;31/03/2011;0000;1.645161;4;152.816375;255;5.150538;16;129.5;;31.529032;27.25871;22.709677;74.33871;;
82900;30/04/2011;0000;1.451111;3.7;126.148554;123.8;6.855556;24;647.4;;29.686667;26.01;22.4;82.575;;
82900;31/05/2011;0000;1.606452;4.1;118.565596;131.4;7.795699;25;755.7;;28.93871;25.483226;22.258065;86.701613;;
82900;30/06/2011;0000;1.816667;5;106.385023;149.2;7.366667;21;303.9;;28.4;24.822667;21.443333;84.566667;;
82900;31/07/2011;0000;1.580645;5;96.072165;126.2;8.11828;29;544.4;;27.43871;23.971613;20.919355;86;;
82900;31/08/2011;0000;1.919355;4.7;100.164033;174.8;6.516129;23;201.8;;28.051613;24.170323;20.196774;79.725806;;
82900;30/09/2011;0000;2.447778;4.7;111.745051;159.1;6.755556;19;35.7;1015.89;28.436667;24.931333;20.93;74.583333;;
82900;31/10/2011;0000;2.478495;5;139.531814;192.6;6.301075;16;34.6;;29.709677;26.062581;22.029032;71.959677;;
82900;30/11/2011;0000;2.525556;4.5;138.944883;218.7;6.233333;17;75;;30.13;26.512;22.333333;71.1;;
82900;31/12/2011;0000;2.415054;4.3;154.095256;237.3;5.870968;11;41.8;;30.93871;27.016774;22.758065;69.806452;;
82900;31/01/2012;0000;2.125;5;144.16627;171.6;7;20;198.6;1012.1375;30.233333;26.409286;22.280645;74.532258;;
82900;29/02/2012;0000;2.487356;7.5;133.087623;194;6.643678;13;189.8;;29.906897;26.566897;22.613793;73.612069;;
82900;31/03/2012;0000;2.182342;4;143.439106;225.4;5.782258;15;138.8;;30.648387;26.744516;22.422581;73.508065;;
82900;30/04/2012;0000;2.064444;4;129.366643;237.2;5.677778;13;55.8;;30.473333;26.36069;21.653333;74.05;;
82900;31/05/2012;0000;1.731111;4.2;121.684317;220.9;6.166667;20;190.2;;29.822581;25.668276;21.019355;76;;
82900;30/06/2012;0000;1.548315;5;100.73275;165;6.820225;23;296.5;;28.7;24.627143;20.748276;82.225;;
82900;31/07/2012;0000;1.884946;5;100.221359;192.9;6.505376;24;261.7;;27.990323;24.361935;20.687097;80.241935;;
82900;31/08/2012;0000;2.270652;5;94.730971;203.6;6.586957;24;163.5;;27.467742;23.808;20.332258;80.201613;;
82900;30/09/2012;0000;2.561111;4.7;111.815967;163.6;6.511111;8;19.7;1016.43;28.583333;25.086207;21.106667;71.6;;
82900;31/10/2012;0000;2.709677;5;129.177666;187.2;6.569892;13;54.4;;29.206452;25.790323;22.096774;70.951613;;
82900;30/11/2012;0000;2.552222;4;146.218995;230.6;6.033333;5;9.9;;31.043333;26.975333;22.716667;66.041667;;
82900;31/12/2012;0000;2.496774;4.3;161.958883;219.5;6.086022;11;25.1;;31.145161;27.348667;23.696552;67.741935;;
82900;31/01/2013;0000;2.329032;5.3;157.444969;227.5;6.204301;13;95.7;;31.241935;27.229677;22.86129;70.379032;;
82900;28/02/2013;0000;2.558333;4.5;151.072607;205.2;6.238095;13;47.7;;31.717857;27.785;23.45;68.6875;;
82900;31/03/2013;0000;2.219355;4;162.519202;201.4;6.311828;3;98.8;;31.632258;27.709032;23.806452;71.354839;;
82900;30/04/2013;0000;1.843333;3.7;141.461465;212;5.822222;;229;;31.613333;27.209333;22.733333;74.4;;
82900;31/05/2013;0000;1.438462;4.7;124.968936;202.8;6.274725;;316.9;;29.843333;25.818667;22.274194;80.75;;
82900;30/06/2013;0000;1.303333;3.3;104.953781;183.3;6.977778;;491.4;;28.82;24.946;21.71;86.291667;;
82900;31/07/2013;0000;1.307609;3.3;98.804649;151.2;7.445652;;416.4;1015.28913;27.970968;24.276774;21.254839;84.596774;;
82900;31/08/2013;0000;1.930108;5;105.86709;179.4;6.956989;;225.3;;28.077419;24.64129;21.593548;80.459677;;
82900;30/09/2013;0000;2.311111;4.2;111.744546;142.2;7.177778;;146;;28.476667;25.104667;22.016667;78.866667;;
82900;31/10/2013;0000;2.23871;4.2;132.517478;164.7;6.129032;;129.2;;29.5;26.037419;22.793548;75.524194;;
82900;30/11/2013;0000;2.187778;5;138.949679;139.1;6.008333;;76.5;;29.963333;26.509333;23.173333;76.983333;;
82900;31/12/2013;0000;2.411828;5;154.101956;156.4;6.516129;;177.3;;30.73871;27.004516;23.193333;74.483871;;
82900;31/01/2014;0000;2.184783;4.7;144.171945;182.8;6.5;;108.9;;30.432258;26.5;22.63;73.858333;;
82900;28/02/2014;0000;1.760714;3.3;130.147601;116.4;7.142857;;148.2;;30.546429;26.543571;22.560714;77.571429;;
82900;31/03/2014;0000;1.822581;3.3;145.354797;164.3;5.989247;;252.4;1011.81828;30.93871;26.857419;23.241935;79.370968;;
82900;30/04/2014;0000;1.467778;3.5;141.459001;209.8;6.122222;;268.5;;31.27;27.042;23.17;77.066667;;
82900;31/05/2014;0000;1.309677;4;116.997391;194.5;7.096774;;315.1;1012.48172;29.580645;25.512258;22.345161;83.314516;;
82900;30/06/2014;0000;1.707778;5;104.94885;193.4;7;;322.8;;28.566667;24.876667;21.633333;82.083333;;
82900;31/07/2014;0000;1.751613;4.5;100.186898;182.8;7.580645;;278.9;1016.7;28.206452;24.394194;21.216129;82.274194;;
82900;31/08/2014;0000;1.851613;4.7;97.393954;179.3;7.204301;;162.2;;28;23.985161;20.709677;80.709677;;
82900;30/09/2014;0000;1.895556;5;107.295349;133.2;6.655556;;248.9;;28.473333;24.82069;21.443333;80.283333;;
82900;31/10/2014;0000;2.149462;6.7;125.750863;193.6;7.580645;;146.5;;29.132258;25.673333;22.570968;78.258065;;
82900;30/11/2014;0000;1.886037;3.8;135.432808;233.9;6.122222;;56;;30.506667;26.300667;22.49;73.308333;;
82900;31/12/2014;0000;1.952688;4.2;148.385235;224.4;6.870968;;71.3;1012.98172;30.754839;26.683226;22.83871;73.427419;;
82900;31/01/2015;0000;2.240909;4.3;155.497369;254.1;6.477273;;65.4;;30.873333;26.931034;22.726667;71.431034;;
82900;28/02/2015;0000;1.997619;5;143.851684;229.2;6.392857;;56.2;;31.646429;27.445714;23.307143;71.419643;;
82900;31/03/2015;0000;1.607527;5;145.354062;205.9;6.591398;;341.2;1011.97957;30.574194;26.767742;22.812903;76.580645;;
82900;30/04/2015;0000;1.592222;3.8;145.033933;258.7;5.411111;;74.6;;31.63;27.179333;22.41;73.641667;;
82900;31/05/2015;0000;1.44086;4.5;135.02495;241.6;6.44086;;178.9;;30.764516;26.44;22.203226;77.306452;;
82900;30/06/2015;0000;1.146667;3;106.385023;170.5;7.133333;;460.5;1015.04;29.02;25.038667;21.616667;83.516667;;
82900;31/07/2015;0000;1.541758;6;100.191202;141.4;7.813187;;446.3;;28.067742;24.314667;21.336667;86.8;;
82900;31/08/2015;0000;1.857303;3.5;104.422493;214.9;6.786517;;116;;28.531034;24.575172;20.912903;78.706897;;
82900;30/09/2015;0000;1.998889;5;119.447516;230.7;5.822222;;35.1;;29.816667;25.680667;21.596667;74.216667;;
82900;31/10/2015;0000;2.268817;4;139.531814;246.7;6.55914;;16.6;;30.135484;26.394;22.583871;70.314516;;
82900;30/11/2015;0000;2.175092;4.11552;149.865595;277.9;5.277778;;30.6;;31.413333;26.995714;22.796667;68.691667;;
82900;31/12/2015;0000;1.995575;3.60108;157.986778;213.5;6.565934;;91.8;;31.333333;27.162759;23.523333;69.075;;