Estacao;Data;Hora;VelocidadeVentoMedia;VelocidadeVentoMaximaMedia;EvapoBHPotencial;InsolacaoTotal;NebulosidadeMedia;NumDiasPrecipitacao;PrecipitacaoTotal;PressaoMedia;TempMaximaMedia;TempCompensadaMedia;TempMinimaMedia;UmidadeRelativaMedia;VisibilidadeMedia;
82797;31/01/1999;0000;3.674194;5.8;;252.1;6.698925;1;4.6;963.264516;31.283871;24.952258;21.441935;70.669355;;
82797;28/02/1999;0000;5.183333;7.8;;209.8;6.738095;7;21.6;963.405952;31.878571;25.415714;21.196429;70.223214;;
82797;31/03/1999;0000;4.066667;7.5;;251.5;6.483871;4;93.3;962.646237;31.667742;25.587742;21.467742;71.862903;;
82797;30/04/1999;0000;4.751111;8;;247.2;6.333333;5;9.1;963.937778;31.81;25.702667;21.38;69.408333;;
82797;31/05/1999;0000;4.027957;7.8;;232.2;6.623656;8;45.2;964.593548;29.296774;24.56129;20.580645;74.419355;;
82797;30/06/1999;0000;4.535556;8.3;;256.9;6.466667;5;41.2;965.374444;29.003333;24.118;19.656667;74.183333;;
82797;31/07/1999;0000;4.491398;9.1;;196.6;7.236559;14;98.4;967.489247;26.296774;22.779355;18.574194;80.080645;;
82797;31/08/1999;0000;4.621505;10.8;;225.5;7.344086;14;23.8;967.687097;26.590323;22.418065;17.870968;79.612903;;
82797;30/09/1999;0000;4.871111;8.8;;252.9;6.744444;4;20.4;965.935556;28.72;23.662;19.306667;74.483333;;
82797;31/10/1999;0000;4.766304;8.5;;262.4;6.354839;6;29;965.380645;29.903226;24.229677;20.080645;71.419355;;
82797;30/11/1999;0000;4.705556;8.6;;279.8;6.022222;0;0;964.005556;32.02;25.432;21.066667;66.508333;;
82797;31/12/1999;0000;4.848387;9.1;;237.8;6.88172;11;142.5;964.598925;30.987097;25.119355;21.319355;71.516129;;
82797;31/01/2000;0000;3.408602;7.3;;245.9;6.83871;10;57.1;964.526882;30.470968;24.769032;20.841935;77.282258;;
82797;29/02/2000;0000;4.442373;7.5;;;7.033898;9;77;965.242373;;;;;;
82797;31/03/2000;0000;4.276923;8.6;;252.1;6.571429;9;29.5;964.635556;31.573333;25.574;21.021429;71.375;;
82797;30/04/2000;0000;3.955556;7.8;;206.1;7.233333;17;129.5;965.547778;29.993333;24.684667;20.953333;80.05;;
82797;31/05/2000;0000;3.749462;7;;232;6.849462;20;87.1;967.051613;28.583871;23.649677;19.729032;80.193548;;
82797;30/06/2000;0000;3.571111;7.5;;131.8;7.9;18;151.8;968.355556;26.436667;22.474444;19.66;;;
82797;31/07/2000;0000;3.975;6.6;;132.6;8.16129;26;114.3;968.098925;25.783871;21.853333;19.119355;;;
82797;31/08/2000;0000;3.453763;6.6;;181.4;7.311828;22;100.5;969.21828;26.180645;21.742857;18.387097;;;
82797;30/09/2000;0000;4.266667;7.1;;188.6;7.288889;23;117.1;968.141111;27.063333;22.245333;18.633333;;;
82797;31/10/2000;0000;4.766667;8.3;;262.9;6.569892;7;15.2;968.14086;28.958065;22.951333;18.525806;;;
82797;30/11/2000;0000;4.743333;8.3;;275.4;6.166667;4;8.9;965.351111;31.556667;24.5;19.253333;;;
82797;31/12/2000;0000;4.252747;7.5;;225.4;6.804348;5;66.7;966.228261;31.154839;24.263333;19.76129;73.558333;;
82797;31/01/2001;0000;4.242391;6.6;;267.2;5.698925;4;22.7;966.735484;30.929032;24.334839;19.377419;;;
82797;28/02/2001;0000;4.693976;7;;212.2;6.26506;3;1;965.191566;32.977778;25.70963;20.459259;67.259259;;
82797;31/03/2001;0000;4.206452;8;;233;6.924731;12;74.8;965.906452;31.722581;25.403077;21.163333;73.024194;;
82797;30/04/2001;0000;4.33;7.1;;196.7;7.122222;13;56.6;966.47;29.843333;24.482;20.746667;80.353448;;
82797;31/05/2001;0000;4.023656;7.5;;258.1;5.967742;7;9.4;966.913978;31.506452;24.910968;20.474194;;;
82797;30/06/2001;0000;4.125556;7.3;;143.7;7.611111;27;121;968.746667;27.12;22.573333;18.99;;;
82797;31/07/2001;0000;4.084946;6.6;;189.2;7.591398;27;72.8;969.253763;26.280645;21.939355;18.467742;85.359375;;
82797;31/08/2001;0000;4.808696;7.8;;219;6.806452;23;61.5;970.987097;26.919355;21.197419;17.041935;79.91129;;
82797;30/09/2001;0000;4.725556;8.3;;260.6;6.277778;12;25;968.076667;29.35;23.064286;18.17;;;
82797;31/10/2001;0000;4.630108;7.5;;226;6.516129;8;21.9;967.065591;30.454839;24.172258;19.832258;75.040323;;
82797;30/11/2001;0000;5.107778;8.8;;276.3;5.888889;7;8.3;965.576667;31.55;25.029333;20.403333;75.116667;;
82797;31/12/2001;0000;4.974194;9.1;;247.8;5.860215;11;26.5;965.017204;31.806452;25.427097;21.33871;76.298387;;
82797;31/01/2002;0000;3.707527;6.6;;185.3;6.870968;22;102.1;965.521505;29.751613;24.594194;21.009677;84.080645;;
82797;28/02/2002;0000;3.666071;6.6;;;6.339286;11;24.7;967.0625;31.714286;25.227857;20.678571;;;
82797;31/03/2002;0000;4.189011;7;;237.9;6.758242;16;95.5;965.693407;30.467742;24.812903;20.725806;81.405172;;
82797;30/04/2002;0000;4.616667;7.1;;207.4;6.755556;10;30.8;965.032222;31.126667;25.151333;20.753333;76.941667;;
82797;31/05/2002;0000;4.183871;6.6;;195.7;7.193548;18;110.8;966.634409;28.812903;23.956129;20.332258;84.459677;;
82797;30/06/2002;0000;3.932222;6.6;;149.6;7.644444;23;120.3;968.881111;26.3;22.241333;19.173333;86.941667;;
82797;31/07/2002;0000;3.722581;7.5;;207.5;7;19;47.5;969.574194;26.609677;22.012258;18.525806;84.395161;;
82797;31/08/2002;0000;4.710753;8.6;;231.4;6.946237;19;33.7;969.586022;27.754839;21.985161;17.829032;80.991935;;
82797;30/09/2002;0000;4.745556;7.5;;262.4;5.9;4;7.4;968.367778;30.32;23.48;19.21;72.016667;;
82797;31/10/2002;0000;5.406452;8.3;;276.5;6.193548;10;12.2;967.179348;31.196774;24.386452;20.025806;71.435484;;
82797;30/11/2002;0000;4.983333;8.3;;278.4;5.977778;8;28.7;966.761111;31.8;24.802667;20.683333;70.958333;;
82797;31/12/2002;0000;4.854839;8.8;;282.6;6.172043;4;3.3;966.286957;32.854839;25.677419;20.858065;70.306452;;
82797;31/01/2003;0000;4.263441;7;141.329295;258.3;5.27957;4;5.5;966.287097;33.712903;26.26;21.096774;67.741935;;
82797;28/02/2003;0000;4.335714;6.6;112.101193;207.9;7.071429;13;50.4;966.860714;31.714286;25.624286;21.414286;76.923077;;
82797;31/03/2003;0000;4.353763;9.3;124.899288;217.9;6.946237;14;48.2;965.453763;30.803226;25.275484;21.403226;77.120968;;
82797;30/04/2003;0000;4.406667;7;119.932273;232.3;6.3;11;47.7;965.946667;31.28;25.482759;21.74;74.075;;
82797;31/05/2003;0000;4.141935;8.3;;227.4;6.290323;14;50.9;966.87957;29.73871;24.568387;21.077419;78.185484;;
82797;30/06/2003;0000;4.201111;7;77.977636;169.5;6.977778;24;82.9;967.766667;27.25;22.654;19.32;81.6;;
82797;31/07/2003;0000;4.451087;8.3;82.922042;204.1;7.139785;22;62;969.617204;26.867742;21.927097;18.351613;81.467742;;
82797;31/08/2003;0000;4.526882;7.5;89.491379;239;6.311828;16;32;969.41828;28.864516;22.824516;18.603226;74.604839;;
82797;30/09/2003;0000;4.564045;7.5;;227.8;6.1;13;39.8;968.561111;29.353333;23.260667;19.39;75.241667;;
82797;31/10/2003;0000;5.026882;8.3;;284.5;6.075269;6;7.9;966.924731;31.248387;24.353548;20.058065;68.733871;;
82797;30/11/2003;0000;4.863333;8.8;;296.8;5.633333;4;3.4;965.515556;32.46;25.194;21.106667;66.908333;;
82797;31/12/2003;0000;4.980645;8.8;;264.2;5.72043;6;33.2;965.753763;32.677419;25.454194;21.280645;67.572581;;
82797;31/01/2004;0000;3.925806;8;;159.8;7.086022;22;216.5;964.655914;30.332258;24.530323;20.832258;79.991935;;
82797;29/02/2004;0000;2.979661;5.3;;207.7;7;12;114.3;966.644068;29.144828;24.395172;21.551724;84.5;;
82797;31/03/2004;0000;4.007609;8;;256.3;6.086957;16;40.7;965.463043;30.235484;24.654194;21.067742;77.177419;;
82797;30/04/2004;0000;3.777778;6.6;;195.5;6.777778;20;84.8;965.64;29.786207;24.357333;20.893103;80.183333;;
82797;31/05/2004;0000;3.343011;8.8;;175.9;6.903226;24;84.8;967.070968;28.574194;23.507097;20.429032;82.41129;;
82797;30/06/2004;0000;3.401111;6.1;;110;7.588889;27;140.9;969.585556;25.936667;21.857333;19.466667;87.291667;;
82797;31/07/2004;0000;3.191409;6.6;;155.9;7.110215;27;122.6;968.711828;26.064516;21.554;18.7;86.387097;;
82797;31/08/2004;0000;3.855914;6.6;;238.3;5.860215;22;45.9;969.947312;27.145161;21.668387;18.377419;81.725806;;
82797;30/09/2004;0000;4.486517;7.5;;232;5.719101;18;34.7;968.496629;28.966667;22.484667;18.593333;78.408333;;
82797;31/10/2004;0000;4.546237;7.5;;274.4;5.591398;6;5.7;966.921505;31.477419;24.038065;19.63871;71.991935;;
82797;30/11/2004;0000;4.875556;8.6;;289.7;5.133333;3;6.8;966.024444;33.173333;24.836;19.406667;66.783333;;
82797;31/12/2004;0000;4.760215;7.6;;299.7;5.107527;3;10.6;965.602151;32.948387;25.140667;19.790323;66.008065;;
82797;31/01/2005;0000;4.359677;6.6;;256.7;5.790323;5;8.5;966.130645;33.4;25.883226;20.422581;72.666667;;
82797;28/02/2005;0000;4.283929;6.6;;224.5;6.5;7;29.2;965.730357;33.039286;26.102857;21.832143;74.925926;;
82797;31/03/2005;0000;4.258065;7.5;;245.1;6.043011;10;94.4;965.512903;33.419355;26.445806;21.690323;71.379032;;
82797;30/04/2005;0000;4.032222;6.6;;249.6;6.088889;10;22.2;965.954444;30.84;25.388667;21.426667;77.591667;;
82797;31/05/2005;0000;3.411828;7.1;;174.2;6.88172;24;91.1;966.824731;28.716129;24.016129;20.680645;81.258065;;
82797;30/06/2005;0000;3.3;5.8;;110;7.566667;28;258.1;968.211111;25.893333;22.482;19.92;87.983333;;
82797;31/07/2005;0000;3.450538;6.1;;221.8;6.075269;29;71.6;970.144086;25.919355;21.470323;18.290323;82.935484;;
82797;31/08/2005;0000;4.011828;6.6;;181.2;6.784946;30;95.2;969.801075;25.967742;21.292903;18.032258;85.532258;;
82797;30/09/2005;0000;4.097778;8.3;;264;5.366667;10;5.6;968.831111;28.526667;22.642;18.686667;78.125;;
82797;31/10/2005;0000;4.531183;7.1;;309.7;4.913978;4;2.5;967.532258;30.941935;24.161935;19.570968;68.427419;;
82797;30/11/2005;0000;4.593333;8.3;;283.5;5.322222;3;9;965.585556;31.743333;24.894;20.233333;66.625;;
82797;31/12/2005;0000;4.34086;8;;263.2;6.010753;7;27.3;964.725806;31.409677;25.02129;20.496774;68.741935;;
82797;31/01/2006;0000;4.268817;6.6;;281.6;5.258065;6;2.9;965.283871;31.66129;24.974194;19.806452;66.064516;;
82797;28/02/2006;0000;3.764286;5.8;;233.3;6.732143;7;71.8;965.914286;32.65;25.993571;21.678571;72.821429;;
82797;31/03/2006;0000;3.831183;7.5;;250.2;5.924731;10;38.7;965.169892;32.033333;25.900645;21.783333;71.733871;;
82797;30/04/2006;0000;3.621111;6.6;;219.3;6.266667;11;41.2;964.67191;31.12;25.705333;22.193333;76.508333;;
82797;31/05/2006;0000;3.587097;8.1;;199.2;6.774194;15;58.6;966.968817;29.406452;24.510323;21.283871;77.209677;;
82797;30/06/2006;0000;3.751111;7.8;83.091828;167.8;7.166667;22;148.7;968.441111;26.833333;22.672;19.91;82.558333;;
82797;31/07/2006;0000;3.482497;5;79.793594;200.7;5.951613;19;41;969.411828;26.412903;22.011613;18.848387;82.620968;;
82797;31/08/2006;0000;4.124731;7.3;84.030638;227.8;5.913978;14;34.6;969.094624;27.8;22.343226;18.803226;77.137097;;
82797;30/09/2006;0000;4.287778;8.3;97.276208;266.5;5.266667;8;10;968.75;29.993333;23.582;19.266667;71.133333;;
82797;31/10/2006;0000;4.479426;7.3;117.836812;299.1;5.069892;5;4.4;966.466667;31.890323;24.924516;20.309677;67.620968;;
82797;30/11/2006;0000;4.375556;7;119.824621;283;5.4;6;31.8;965.331111;31.696552;25.130667;20.710345;68.475;;
82797;31/12/2006;0000;4.249462;7.3;134.862807;303.8;5.064516;1;9.5;966.244086;32.451613;25.690323;21.13871;68.758065;;
82797;31/01/2007;0000;3.488727;5;131.474986;273.1;5.641129;8;23.2;967.474194;31.687097;25.62;21.764516;78.16129;;
82797;28/02/2007;0000;3.621429;6.1;122.503669;221.6;6.464286;11;51.8;966.608929;32.389286;26.059286;22.135714;76.285714;;
82797;31/03/2007;0000;3.652688;7.6;119.39492;242.5;6.139785;15;73.1;965.605376;30.377419;24.972258;21.458065;76.08871;;
82797;30/04/2007;0000;3.838889;6.6;117.280613;228.9;5.533333;10;56.1;965.705556;31.123333;25.345333;21.316667;72.975;;
82797;31/05/2007;0000;3.643011;6.6;103.922722;202;5.924731;19;39.7;966.504301;28.993548;24.125806;20.670968;78.774194;;
82797;30/06/2007;0000;3.678889;6.6;83.091828;148;6.8;23;123;968.541111;27.136667;22.576667;19.813333;83.433333;;
82797;31/07/2007;0000;3.689247;7.2;77.751068;211.8;6.107527;24;48.5;969.037634;26.464516;21.770968;18.658065;82.935484;;
82797;31/08/2007;0000;4.168817;7.1;75.750643;194.7;6.591398;20;48.6;969.105376;26.548387;21.550323;18.293548;82.943548;;
82797;30/09/2007;0000;4.280963;8.6;86.023176;228.9;6.363889;10;29.3;969.433333;28.506667;22.626667;18.686667;75.458333;;
82797;31/10/2007;0000;4.270968;9.1;104.840043;270.5;5.494624;6;3.6;967.152688;30.458065;23.780667;19.706452;70.637097;;
82797;30/11/2007;0000;4.411111;7.5;115.802655;287.9;4.833333;5;5.8;965.434444;31.6;24.755333;20.166667;66.258333;;
82797;31/12/2007;0000;4.409677;7.5;123.324633;278.2;5.494624;9;16.8;965.184946;31.835484;24.987742;20.432258;67.483871;;
82797;31/01/2008;0000;3.490323;5;128.579393;265.9;5.33871;6;3.5;965.819355;31.996774;25.394839;21.041935;73.516129;;
82797;29/02/2008;0000;4.391379;6.6;131.079922;262.2;6.017241;2;1.4;966.501724;33.142857;26.246897;21.864286;70.793103;;
82797;31/03/2008;0000;3.374194;6.8;129.054739;233.8;6.268817;11;157.4;964.449462;31.770968;25.722581;22.109677;73.790323;;
82797;30/04/2008;0000;3.248889;6.6;108.235722;227.6;6.133333;20;58.4;964.471111;29.513333;24.56;21.34;81.625;;
82797;31/05/2008;0000;3.27957;7.6;95.538335;186.4;6.666667;27;115.2;966.132258;28.154839;23.431613;20.154839;84.717742;;
82797;30/06/2008;0000;3.411111;7.5;75.984215;168.3;6.577778;29;64.6;968.14;26.523333;21.909333;18.73;85.383333;;
82797;31/07/2008;0000;3.707527;7.8;74.773122;162.5;6.698925;26;93.2;969.302151;25.977419;21.463871;18.693548;84.177419;;
82797;31/08/2008;0000;3.658065;7.8;77.810679;185.9;6.548387;26;80.6;967.513978;26.809677;21.703871;18.516129;82.048387;;
82797;30/09/2008;0000;4.073333;7.8;91.594199;236.8;6.144444;17;19.8;968.353333;29.54;23.068667;18.866667;75.3;;
82797;31/10/2008;0000;4.594624;8.3;111.279042;277.1;5.88172;9;7;967.436559;31.33871;24.262581;19.867742;70.419355;;
82797;30/11/2008;0000;4.495556;6.6;119.871195;291;5.3;2;0.4;965.622222;32.393333;25.129333;20.636667;68.458333;;
82797;31/12/2008;0000;4.133345;6;131.924848;286.3;5.518817;2;1.9;964.905376;32.912903;25.74;20.951613;66.145161;;
82797;31/01/2009;0000;3.290323;5;135.897044;265.2;5.951613;2;9;966.832258;33.36129;25.985806;21.280645;75.129032;;
82797;28/02/2009;0000;3.5625;6.3;109.593385;205.1;7.803571;12;136.9;965.753571;30.622222;25.052857;21.685714;80.964286;;
82797;31/03/2009;0000;3.119355;6.6;122.127015;266.3;6.193548;9;44.7;964.677419;30.83871;25.24;21.793548;77.290323;;
82797;30/04/2009;0000;3.408889;7;119.932273;171.7;6.344444;12;36.6;965.521111;31.193333;25.566;21.846667;77.65;;
82797;31/05/2009;0000;2.722581;5;110.162205;178.6;6.827957;12;95.3;966.077419;29.383871;24.583226;21.512903;81.919355;;
82797;30/06/2009;0000;3.138889;6.6;87.335932;168.6;6.655556;16;69.2;968.106667;27.366667;22.944;19.923333;84.933333;;
82797;31/07/2009;0000;3.048387;6.1;82.922042;186.2;6.430108;12;52.9;968.696774;27.077419;22.357419;19.258065;84.209677;;
82797;31/08/2009;0000;3.383871;9;82.965099;165.5;6.258065;17;49.7;968.606452;27.380645;22.235484;18.903226;82.3;;
82797;30/09/2009;0000;3.557778;6.6;93.805996;249.9;5.988889;10;15.8;968.808889;29.256667;23.359333;19.54;76.1;;
82797;31/10/2009;0000;3.956989;7.3;115.158491;274.6;5.129032;1;0.3;965.973118;31.641935;24.588387;19.76129;67.104839;;
82797;30/11/2009;0000;4.392222;7;117.133431;268.3;5.322222;7;16.4;965.845556;31.736667;24.945333;20.706667;67.358333;;
82797;31/12/2009;0000;3.689247;6.6;133.383861;242.1;5.73913;6;12.6;965.65914;32.477419;25.746452;21.683871;68.451613;;
82797;31/01/2010;0000;2.751613;3.3;124.313986;197.4;6.112903;13;111.8;967.016129;30.667742;25.093548;21.548387;82.354839;;
82797;28/02/2010;0000;3.9375;6.1;122.503669;208.6;6.732143;7;43.5;966.310714;31.878571;25.935;22.310714;76.714286;;
82797;31/03/2010;0000;3.263441;7;145.452582;271.5;5.139785;7;25;965.060215;33.622581;26.834839;22.503226;67.967742;;
82797;30/04/2010;0000;3.018889;5.5;123.982091;224.6;6;16;92.8;965.321111;31.12;25.813333;22.156667;76.416667;;
82797;31/05/2010;0000;3.28172;7;117.96369;258.2;5.322581;13;39;965.96129;30.896774;25.070968;20.783871;75.580645;;
82797;30/06/2010;0000;3.173333;7;92.83531;201.9;6.255556;16;249;968.144444;27.923333;23.495333;20.626667;80.591667;;
82797;31/07/2010;0000;3.23871;6.6;79.793594;197.1;6.193548;20;38.9;968.787097;26.677419;22.112903;19.090323;82.451613;;
82797;31/08/2010;0000;3.878495;7;75.750643;190.8;6.387097;26;51;969.532258;26.329032;21.544516;18.093548;78.870968;;
82797;30/09/2010;0000;4.132222;7.8;84.946791;222.4;6.066667;11;25.7;968.336667;28.496667;22.498667;18.75;75.1;;
82797;31/10/2010;0000;3.966304;9.1;173.152184;254.8;5.467391;6;7.7;966.257609;31.48;24.750667;20.65;70.379032;;
82797;30/11/2010;0000;4.09;8.1;121.1851;294.3;5.055556;3;2.9;964.902222;32.436667;25.216667;20.836667;66.316667;;
82797;31/12/2010;0000;3.903226;6.6;127.573205;247.7;5.88172;6;45.7;963.780645;31.43871;25.289032;21.509677;70.064516;;
82797;31/01/2011;0000;3.077419;5;125.725437;228.3;5.725806;14;70.3;964.440323;30.93871;25.12;21.419355;78.032258;;
82797;28/02/2011;0000;3.592857;6.3;117.227692;236.1;6.607143;5;35.4;965.717857;31.742857;25.615714;22.028571;75.857143;;
82797;31/03/2011;0000;3.077419;5.8;130.565434;277.9;5.333333;6;71.2;964.386022;31.741935;25.74129;21.903226;73.153226;;
82797;30/04/2011;0000;3.336667;8.3;108.0207;203.6;6.4;18;174.3;964.368889;29.683333;24.956552;21.736667;79.033333;;
82797;31/05/2011;0000;3.080645;6.3;96.343002;153.9;7.290323;16;184.3;966.192473;27.287097;23.482581;20.958065;85.959677;;
82797;30/06/2011;0000;3.097778;6.6;82.637218;180.1;6.444444;16;97.3;967.821111;26.966667;22.624667;19.76;84.583333;;
82797;31/07/2011;0000;3.18172;8.5;73.227559;139.8;7.548387;25;120.1;968.368817;25.377419;21.512903;18.9;87.41129;;
82797;31/08/2011;0000;3.25914;6;77.23543;216.6;5.956989;14;62.6;969.041935;26.490323;21.705806;18.493548;82.758065;;
82797;30/09/2011;0000;3.567778;6.6;80.225311;248.2;5.588889;7;13.9;969.284444;28.083333;22.058667;17.843333;76.075;;
82797;31/10/2011;0000;3.369892;7;105.717751;239.5;5.612903;7;11;965.710753;29.867742;23.80129;19.812903;73.419355;;
82797;30/11/2011;0000;3.753333;6.6;111.56554;252.6;5.8;8;15.8;965.661111;30.66;24.516667;20.766667;72.916667;;
82797;31/12/2011;0000;4.137634;7.5;125.925835;281.9;5.333333;4;3.2;965.596774;32.216129;25.210968;20.774194;68.443548;;
82797;31/01/2012;0000;3.312903;5.8;121.259438;229.7;5.816667;9;71.8;967.283871;30.76129;24.818667;21.232258;79.806452;;
82797;29/02/2012;0000;3.815287;7.5;104.400166;258.3;6.125;9;48.9;966.353448;30.3;24.329655;20.817241;78.689655;;
82797;31/03/2012;0000;3.717072;6.68772;120.454529;285.4;5.045699;6;6.1;966.163441;31.719355;25.163871;20.883871;69.669355;;
82797;30/04/2012;0000;3.718889;6.6;118.356308;271.8;5.033333;3;3.5;965.9;32.1;25.378667;20.8;68.283333;;
82797;31/05/2012;0000;3.572043;6.6;108.553607;242.9;5.537634;10;46.4;967.292473;30.5;24.433548;20.190323;71.983871;;
82797;30/06/2012;0000;3.335556;5.8;86.903126;187.6;6.911111;17;95.1;968.715556;27.763333;23.001333;19.58;79.525;;
82797;31/07/2012;0000;3.464516;6.6;74.236892;190.8;6.430108;22;59.3;968.974194;25.977419;21.516667;18.306452;82.572581;;
82797;31/08/2012;0000;3.833333;6.6;77.277198;250.4;5.752688;14;29.2;970.202151;27.56129;21.703226;17.796774;75.306452;;
82797;30/09/2012;0000;4.025556;7.8;91.161453;271.8;5.144444;2;1.9;969.686667;29.966667;23.104667;18.616667;68.075;;
82797;31/10/2012;0000;3.966667;6.6;105.778185;263.5;5.602151;4;4.3;967.184946;30.090323;24.004667;19.670968;68.967742;;
82797;30/11/2012;0000;4.001111;6.6;118.280335;275.6;4.933333;3;1.4;965.234444;31.893333;25.02;20.74;67.891667;;
82797;31/12/2012;0000;3.892473;6.6;127.37625;271.8;5.204301;4;9;965.03871;32.148387;25.336667;21.345161;68.798387;;
82797;31/01/2013;0000;3.162903;5;126.941898;247.2;5.096774;5;31;967.203226;31.554839;25.272258;21.167742;75.032258;;
82797;28/02/2013;0000;4.107143;7;121.07215;253.1;5.053571;4;4.7;966.307143;32.25;25.911429;21.725;70.75;;
82797;31/03/2013;0000;4.056989;7.5;137.839321;268.4;4.924731;5;9.8;965.516129;32.435484;26.318065;22.516129;69.217742;;
82797;30/04/2013;0000;3.433333;6.3;125.249645;240.7;5.388889;9;101.9;965.817978;31.533333;25.856;22.083333;72.591667;;
82797;31/05/2013;0000;3.16087;6.3;102.351824;225.7;5.782609;13;35.5;966.840217;28.590323;24.021935;20.696774;81.306452;;
82797;30/06/2013;0000;3.063333;5;86.910374;204.4;6.444444;19;73;967.767778;27.47;23.028;19.863333;82.75;;
82797;31/07/2013;0000;3.107527;5.8;79.283838;167.9;6.774194;19;109.4;968.848387;26.322581;22.085161;19.009677;83.177419;;
82797;31/08/2013;0000;3.354839;6.3;80.343794;223.2;6.096774;20;45.4;968.554839;26.803226;21.990968;18.409677;80.741935;;
82797;30/09/2013;0000;3.724444;7.5;87.746303;232.2;5.9;8;14.4;968.51;28.306667;22.780667;19.013333;77.866667;;
82797;31/10/2013;0000;3.966667;6.1;106.993878;275.8;5.494624;7;11.4;967.317204;30.580645;23.990968;19.809677;72.524194;;
82797;30/11/2013;0000;4.114444;7;111.56554;244.2;5.555556;9;8.5;965.504444;30.966667;24.480667;20.273333;70.95;;
82797;31/12/2013;0000;3.750538;6.6;124.495159;242.6;5.817204;6;10.5;965.244086;31.641935;25.204516;21.316129;71.379032;;
82797;31/01/2014;0000;3.256452;5;125.505358;270.9;5.387097;;6.2;967.040984;32.109677;25.256129;20.86129;73.966667;;
82797;28/02/2014;0000;3.594643;5;133.559817;193.8;6.839286;;81;965.955357;30.032143;24.750714;21.146429;77.857143;;
82797;31/03/2014;0000;3.684946;6.6;127.557316;255.9;5.709677;;28.3;965.684946;31.541935;25.582581;21.767742;72.475806;;
82797;30/04/2014;0000;3.514444;7.6;123.864971;235.3;5.611111;;46.9;965.878889;31.953333;25.831333;22.05;73.325;;
82797;31/05/2014;0000;2.96129;6.1;98.718105;217.1;6.419355;;203.1;966.634783;28.241935;23.748387;20.56129;82.532258;;
82797;30/06/2014;0000;3.306667;6.6;84.756238;192.5;6.022222;;41.3;968.171111;27.26;22.793333;19.433333;81.941667;;
82797;31/07/2014;0000;3.503226;6.6;83.497295;204.3;6.365591;;55.1;970.390323;27.396774;22.351613;19.135484;80.806452;;
82797;31/08/2014;0000;3.483871;7.5;79.298782;226.5;6.032258;;58.4;969.707527;27.696774;22.012258;18.254839;78.766129;;
82797;30/09/2014;0000;3.595556;6.6;88.856807;218.2;6.011111;;54.3;968.621111;28.41;22.945333;19.086667;78.183333;;
82797;31/10/2014;0000;3.774194;6.6;100.712533;243.7;5.892473;;56.3;967.716129;29.554839;23.512903;19.612903;75.387097;;
82797;30/11/2014;0000;3.756667;6.3;110.261939;237.1;6.033333;;67.8;966;30.803333;24.436667;20.223333;72.558333;;
82797;31/12/2014;0000;3.763441;6.6;117.500639;247.1;5.634409;;5.7;966.482796;31.267742;24.582581;20.364516;71.66129;;
82797;31/01/2015;0000;3.235484;4.1;122.664164;268.5;5.983871;;9.1;967.727419;32.496774;24.881333;20.012903;76.774194;;
82797;28/02/2015;0000;3.880357;5.8;121.07215;235.3;5.732143;;10.9;967.042857;32.75;25.9;21.525;72.714286;;
82797;31/03/2015;0000;3.567742;5.8;119.15336;231;5.967742;;50.5;965.730108;31.735484;25.576;21.541935;71.91129;;
82797;30/04/2015;0000;3.304444;6;128.049187;282.2;4.277778;;10.6;965.796667;32.963333;26.066;21.52;67.7;;
82797;31/05/2015;0000;3.437634;6.6;119.105053;252.7;4.978495;;43;967.078495;31.270968;25.401333;21.003226;71.064516;;
82797;30/06/2015;0000;3.045455;5.8;85.8289;171.1;6.534091;;98.1;968.917045;27.493333;22.831724;19.66;83.7;;
82797;31/07/2015;0000;2.989247;6.3;79.283838;158.9;6.860215;;108.3;969.376344;25.780645;21.99;19.26129;86.466667;;
82797;31/08/2015;0000;3.55914;6.6;79.298782;256;5.290323;;16.5;969.288172;27.606452;21.951333;18.158065;78.675;;
82797;30/09/2015;0000;3.808889;7;96.887737;251.1;5.333333;;7.2;968.442222;30.224138;23.784828;19.093333;68.733333;;
82797;31/10/2015;0000;3.893548;7;108.280006;279;5.075269;;7.3;967.992473;31.151613;24.158065;19.558065;69.040323;;
82797;30/11/2015;0000;3.791918;7.20216;120.972969;290.5;3.880556;;4;964.842222;32.83;25.29;20.696667;66.158333;;
82797;31/12/2015;0000;3.663956;7.7166;127.367188;226.2;5.625;;41.6;967.062222;31.94;25.324828;21.183333;70.716667;;